7696
1869
4292
825
8114
4297
4368
5302
9807
8524
9265
2676
5528
7416
1617
1406
8898
4857
7409
1446
4114
4333
5612
4958
2656
6468
3183
6749
9916
6425
2930
3568
9260
1158
6422
7502
413
4073
6924
9660
9886
5760
1108
7255
9541
5694
6828
509
2572
3197
1471
1591
1311
9148
4065
8897
2439
808
9308
6814
2830
6418
2089
2255
8518
8009
3628
8355
2569
2350
6336
7288
5326
1489
8435
892
3496
5953
8581
2584
783
5112
2460
1602
2885
3415
6264
8174
1275
9210
69
7685
5623
7722
3083
8374
5764
3315
3021
7142
3121
917
9754
6344
5986
3203
5055
5693
5576
8227
6685
4214
9970
4220
2317
4587
6907
8797
2927
4113
706
8604
5958
4468
1902
8441
1336
8704
8356
9643
2492
6676
4461
9510
6688
7745
5423
3669
664
7399
4621
3267
7496
2945
2205
4100
551
9623
536
5428
7322
5457
3128
983
2638
4077
8
1431
3869
2678
8583
1667
377
6389
231
961
8671
9003
2107
6627
6561
50
3195
1538
6108
4171
6602
5389
8425
4494
8611
19
5691
1295
3333
7767
2657
2258
4861
5198
4353
5964
5565
769
3450
7707
7343
3017
229
6361
8308
1990
1598
3546
6490
4790
6635
1076
5657
8384
9462
5471
7655
1992
2562
3904
6701
1890
8428
7248
1328
6839
9999
5077
9484
9419
3030
4971
7680
5257
5607
9275
580
6150
5806
8250
9480
1609
1748
8499
3105
7844
5074
635
8520
4313
3665
9466
6156
3468
5779
1626
1732
5199
1612
6408
3837
7005
9734
5355
5240
3175
1519
4672
8434
1685
4433
543
7676
3510
2567
3709
278
8053
4576
6752
2318
2643
8333
7828
4121
9924
9222
4832
4771
7829
9481
1807
3433
8415
125
7529
8976
8000
3679
4792
7617
654
2692
3130
4631
4028
9735
9302
3098
319
7985
5984
4734
9268
6300
3600
3439
4204
9408
630
4656
5218
7875
9400
602
5512
4537
7626
8062
6441
9204
5793
4019
7223
3498
9226
199
4111
7717
9135
6593
3122
9255
6725
1138
2606
3323
4965
7242
4595
1827
5527
314
7244
133
2009
2375
898
2095
7923
752
4129
4969
7002
8461
9005
4216
2932
9952
280
7450
6942
8719
1597
1014
1118
6968
8327
3022
9451
6008
2192
573
4202
3109
5242
7519
6398
8833
5434
6207
2268
8941
7746
8617
3740
6541
5195
9838
6269
9982
4817
8481
3751
2225
7061
2733
4830
859
179
3126
8014
1775
4484
4599
6614
83
37
3822
988
3400
317
8974
5641
2835
7473
6470
4723
2561
984
7679
8821
5163
2344
1920
3322
5777
1441
1829
1237
3073
2555
2275
8385
3906
6404
254
2853
2699
4775
9671
6067
9452
7234
8920
2109
2543
557
5222
2631
7714
4378
6189
7135
5718
9355
4901
6157
2800
3029
3564
9861
2257
4149
305
9262
5786
5233
8856
6740
1359
2267
5168
45
2660
7012
2455
1317
8235
3117
3149
3291
7106
1189
8172
3474
3341
8442
2386
4757
4987
9550
716
5653
8690
9146
3159
8829
9198
1928
7927
5672
6959
7641
8608
7153
7498
1155
8429
518
7084
4106
1477
9482
5397
1982
1366
1492
1742
8064
8249
3442
7974
1349
5548
3000
7516
5903
4879
3356
4630
8948
8648
7045
1927
5535
6877
9591
3212
3649
3929
7128
8135
6951
3735
2785
5875
9432
9448
4940
4365
6211
6978
9155
514
6773
6302
8057
7664
4372
6631
1750
1669
4179
9758
5976
4284
4529
3867
504
6733
5665
636
8052
7984
4244
2956
6757
528
3228
4421
4271
5094
3780
2264
4719
7123
3896
6112
3312
3037
2914
2245
7772
3401
8777
7426
9058
3441
6089
732
2219
6710
8497
7534
4312
2777
8045
4989
1788
5513
2872
9257
7949
4982
1991
7494
1856
4417
824
1011
1741
5959
2775
9409
2481
6453
119
9236
710
7499
1395
7946
5603
6380
5008
6314
7192
9848
1031
1704
5637
3775
4079
6195
9180
1910
7302
8782
7775
4570
1765
9075
9880
6043
8297
9669
9991
7601
2655
8639
9835
2124
4469
767
6111
9528
1933
1348
8503
6403
5740
4151
8259
9620
5169
2037
857
5496
1734
9063
2335
587
3336
2507
688
6524
3979
6744
4120
5370
4727
3313
9315
1699
6452
9997
7463
929
531
1959
986
2297
5468
8162
4653
5134
6986
7174
8161
7658
1239
8350
4350
9283
7867
7814
1220
5391
3950
6630
5344
5357
1846
1056
4712
3612
7528
1508
8647
4581
7468
7410
8677
627
3124
3842
9637
5204
7552
8536
2575
3166
2331
7093
1299
9902
499
6406
5676
2261
8701
9467
705
3385
6180
219
7457
7408
8538
8255
1505
7523
1154
513
7853
5697
2449
1899
8126
4493
3459
4509
7513
2639
3609
6860
9963
9194
5897
1735
8109
2514
8883
6761
7935
1888
3737
8305
3718
693
7277
9634
7308
1911
8302
5790
9189
4032
6876
6491
3135
4441
1998
7320
8872
5748
9121
2581
5438
4963
6812
9595
6835
6748
9299
424
6916
804
3562
7543
2363
8220
9746
6514
9995
9903
2198
9981
3447
6513
1725
5063
8817
9846
6385
4066
3816
4730
6170
5506
5870
5936
1321
1584
6982
220
6804
4569
1001
684
6567
6912
271
4985
6259
9131
9475
4320
6980
8658
1968
5985
1648
14
4334
628
2843
9717
5859
1576
6884
5610
5308
8803
7341
621
8230
7292
8599
4349
5795
4174
8313
2147
2292
6373
856
3674
632
5313
7071
6783
3898
8107
8292
214
7715
2240
2042
8955
7670
3167
4598
4585
6966
4472
9048
1989
8762
6304
659
5421
6284
3975
2316
7734
4513
3723
4505
549
2734
4541
2577
3082
7692
7656
5952
1575
6039
3366
9401
2448
6794
2080
3229
3603
6317
8199
6967
5755
2100
8669
9575
5036
8446
9956
4003
5109
308
5059
3365
4435
5719
451
9427
5402
5157
1338
3725
6576
1771
7078
6552
5771
8930
9008
6294
8502
2040
6929
2139
6792
7466
5770
3378
6661
5095
9473
9614
1659
8522
8455
864
3812
5283
91
6258
2129
9864
7470
4409
9548
9485
973
1491
4275
8088
9537
7189
8203
4761
1115
6296
9036
8189
1392
371
2243
8839
1148
7417
7010
4383
323
9732
2246
6915
3110
903
1549
6323
951
8761
9847
1950
7908
8662
6238
1187
2971
6798
2508
7832
9752
4867
6858
1137
5232
7168
1783
9745
1358
6003
4889
6788
2727
2006
914
9608
5352
2415
5924
6199
6971
5261
148
7781
1459
8549
2145
2334
6827
3413
5538
7372
3839
6705
8812
7249
1877
3389
9969
9388
1580
534
4049
4685
8513
1087
4577
4770
2856
8841
4460
5325
1596
6139
9978
989
958
315
1562
9795
2114
4299
5597
6080
4522
2354
3686
8373
1802
4064
5328
8558
2504
3374
2231
8784
4401
8997
333
1558
6640
3803
5192
1292
8768
7449
3847
3457
9619
3272
5516
1389
2022
5081
3394
4219
4783
7281
4399
6536
9137
7188
5395
3549
1353
2663
7556
4584
2921
6443
4534
9390
6742
5213
8940
6842
4746
2923
208
2125
5843
6212
3608
5197
728
3339
3666
6079
1198
3657
1451
374
8625
8651
1352
851
2590
6135
2565
933
4709
9100
7191
3901
7818
7765
7782
9229
8123
4733
2704
8105
9774
8962
2544
5754
3503
1860
4112
43
8740
2659
4562
9187
9824
7432
6568
3529
6601
3150
1778
8709
2748
4043
8800
1857
422
3654
7905
6339
5880
7222
592
4187
4997
7725
6655
1523
9862
2863
3597
9579
2701
4665
8457
9206
6205
9142
6167
5263
8083
8047
5973
4190
100
5613
8311
7032
3209
8572
8652
9775
9046
2083
3682
695
2489
2200
94
6548
468
1131
8063
8075
9382
8034
2419
5720
5278
9220
5394
8232
165
3696
7588
5901
7107
4209
2185
6153
8919
9242
7515
8815
2155
9225
2059
2106
7952
837
6826
7048
3871
4652
4991
3952
827
6459
696
7328
5113
1248
9723
4011
8543
9755
3866
5173
6977
2034
5295
2190
6539
2570
8531
360
4948
8901
1365
1839
2263
9044
3286
3998
4869
5982
7235
754
8713
3028
6358
3258
4235
5058
1640
9839
1947
3808
7937
1231
1518
2822
2677
3008
1713
7759
9098
5289
2571
9860
7097
813
7585
9358
1163
6870
6411
3656
7691
2015
2110
8129
6518
525
1514
2532
2280
7667
1496
9974
8379
9522
5249
1727
3936
6193
3304
1536
9870
5269
6011
8823
1194
8336
4415
5972
5504
9424
1219
8507
7541
1041
4923
2786
9032
1908
46
9967
510
426
3280
357
2128
7851
2500
2648
5403
4467
5184
2177
7326
1059
5678
6747
5812
2877
2707
2754
8159
6058
3462
9271
7966
7755
5424
6182
6381
8998
1760
8372
362
8906
3444
9114
8969
7299
2116
5587
1625
3371
2377
1315
4342
2482
7134
2837
1221
1050
2992
2189
8031
4559
60
2424
1754
1273
6335
6048
6807
9161
5264
3902
277
6879
569
7551
5097
6029
9592
4842
5862
9042
5116
4240
3303
5220
141
7161
5241
7111
5981
9738
1842
7425
3284
9119
1432
4048
6115
7359
9889
2234
1343
7265
81
5298
1593
3319
8610
2859
2804
9845
591
1290
2610
7903
5592
6101
8306
8752
545
1843
4317
8885
4947
4731
3964
5012
6995
1768
8606
1870
3253
3290
7453
1089
2469
5253
8146
1332
2576
1090
96
5717
6299
7412
4988
1262
8216
5067
8826
9599
8386
9803
2032
5129
758
6272
4201
3235
8670
8951
6515
8182
7719
9559
1019
3305
7217
5473
9665
1603
5243
1814
7634
2066
8668
7495
6062
9964
8594
7305
1183
4069
2143
9753
9085
915
976
6500
5089
8186
9381
3206
6247
2898
4638
3559
5186
4022
3791
7371
479
9023
1
6482
9987
6950
2140
8561
352
4087
7939
2779
3488
4391
4703
687
240
7663
1038
4996
5834
757
1485
8681
6435
6991
3909
8864
2073
6350
4444
3614
459
216
5995
3355
8576
7693
6353
1853
8649
180
387
7963
2398
6673
9091
1450
2001
2568
2387
2070
1333
5401
9642
144
7835
6291
2337
7582
7185
9523
2394
2997
1773
476
6948
8880
1323
457
8577
3522
6974
5252
7657
3231
2383
731
1310
8544
7295
6799
7351
7353
1205
3551
4293
3418
3506
8523
5318
406
8400
7838
9009
3985
6231
4666
9712
9007
1975
639
4927
2549
3704
3658
1249
2990
975
28
6871
5735
8286
256
8397
5202
5738
4146
5609
6938
6390
2762
7724
8347
8365
9318
2319
4412
2745
4434
7435
6061
1399
9514
3538
7761
6940
8971
5508
3368
9576
5526
655
2021
6136
1350
2412
4698
3967
1098
6692
7465
9714
8814
8568
5533
3249
3010
53
4886
3018
3827
2938
1481
5363
2903
3158
3954
1060
1143
1277
1067
3601
8339
7662
555
409
3089
1252
8377
8843
9426
8774
6431
7861
6069
7996
6605
8042
8191
9199
3921
320
9602
1164
120
4854
318
5679
9015
3661
4457
2512
6091
2301
9895
1116
7638
865
4495
2013
8723
9376
1556
2495
7129
2236
5082
622
6267
1494
8354
4150
4422
8051
8957
5187
623
2525
5531
5551
3485
2011
8925
7197
8077
6961
719
2904
775
939
4037
1117
9386
9973
1082
7632
481
906
5322
5290
1729
9884
584
348
1483
3734
9327
9145
3874
5367
5034
4528
9043
724
8733
3544
5829
59
187
1037
7179
4874
1563
1215
9039
5713
7879
8947
370
2166
5061
3116
8380
1554
4227
5510
9498
4508
8413
6018
4876
4893
6672
9949
7387
5954
1415
9337
1665
6383
9993
5560
8316
7216
350
294
5709
2626
928
8443
6756
8765
653
733
4645
6726
1566
0
1401
8416
1721
6994
5947
8684
8018
7375
1601
8163
6084
9539
771
9882
8747
5861
9684
1611
1134
4634
2538
4697
5569
5396
3974
8710
2852
6155
1931
2131
607
6983
2361
8304
9197
9064
6429
9171
4470
1072
6114
7456
5479
7771
6633
5026
596
2175
5178
4580
1066
8844
1498
4083
8081
9139
4836
5001
4860
5305
3200
5739
2996
381
6305
7834
8922
544
9068
5086
6540
6110
8337
3634
6208
446
6739
6015
7644
9218
2616
6409
5136
1728
4393
9178
6588
1111
492
1560
6645
682
6724
7803
2503
6623
9787
5044
1608
9459
7546
3659
270
5007
5529
495
1717
368
7438
6045
5160
6148
1233
3354
118
7180
5934
4396
5265
1647
7623
3795
6013
9662
1912
6225
9067
1380
1008
7137
1173
6477
196
8071
8353
1246
1941
3540
8511
9580
9611
4526
8265
6176
3487
2355
4615
1965
5152
5494
4797
1605
8015
6222
1140
8234
3257
8208
8859
9821
8424
4863
4760
9471
163
7041
8759
6313
5536
7038
7276
206
7023
8588
1918
4715
2726
2931
5449
7729
6407
669
8763
8754
2084
9600
5670
5132
9896
1029
402
5388
8344
7789
1891
2601
7100
4264
4479
388
4128
8509
7304
3383
8207
4446
1779
2133
4051
694
5818
3464
1440
85
3165
9184
2991
6790
6204
6888
3424
5962
372
6009
670
3325
9273
8462
3801
7855
7360
9030
8695
9685
5417
3988
1266
4160
2206
3326
9988
5643
9739
5248
2513
3648
1652
9927
3196
6796
6741
7146
7871
3578
2027
9209
1879
1650
8320
4556
244
7837
7947
9201
2770
2732
1052
7439
300
3828
6718
4742
194
597
672
2186
8806
9697
386
3782
8764
2071
9613
3947
2515
7407
5920
2899
5450
6071
662
4686
9544
3892
5639
1694
2252
6784
6475
4941
7289
7364
5196
3903
168
765
9742
7675
7415
3078
6534
2801
6086
9547
9871
5677
6268
4198
5373
5766
6581
1390
2517
2172
7720
3719
521
8597
1903
8323
4414
6562
2870
4758
4157
7354
9719
8810
2929
2851
616
6303
110
5915
8185
242
6570
2680
3813
691
3581
4451
2351
7795
5684
4511
5161
3262
2390
7677
1276
9108
237
6559
8512
8164
3784
356
4774
2081
1191
3537
5444
1638
7485
5571
6594
8506
6057
4851
296
175
8770
9849
5553
3505
1167
8032
5600
6125
6449
3610
965
1271
8214
8148
4405
905
1541
6414
8489
4597
6526
9954
6591
1100
7201
5602
2437
6255
2466
1258
9252
8474
7661
3230
533
1644
8103
7736
3797
4741
8096
6743
5224
3700
4387
9341
9183
5105
1719
4094
9495
4822
2614
8587
7221
4532
6795
265
1161
4362
9320
7922
8945
176
2220
5894
7190
8166
8500
2238
1033
1347
4127
4351
2686
3250
5384
673
6025
460
8675
4720
2136
8133
264
6697
9943
787
4394
8828
5844
3963
8116
1806
4162
729
6051
2079
6547
6590
444
2304
6202
9050
9577
8275
1697
6641
963
4278
4762
3320
4291
2965
9047
3918
9659
5811
2420
7991
6917
224
4545
1416
9397
6488
8488
3314
7211
395
4344
5721
9843
577
1867
246
7058
2016
2418
9406
6811
9038
2327
4407
5853
6527
1539
1604
2941
7577
2985
6730
8130
5229
7521
6478
1204
6467
9822
4654
8900
5435
2467
935
3080
4246
2269
6653
9934
5503
3809
306
849
9578
290
6895
2458
9416
3717
6140
7173
9377
4480
6956
1571
8725
6546
9084
3495
7786
3759
9491
7471
9731
4747
8299
3041
1967
1312
6042
3221
806
6587
6421
4080
3587
1128
5303
5923
512
8607
6921
3935
8228
7872
1945
5888
9837
9170
8410
2915
7896
6964
1186
7014
2691
5932
9287
9380
8977
1426
9827
7599
9605
7483
8378
189
4850
5416
9554
2962
6564
1793
9101
7538
998
568
9656
8472
8892
8073
2485
3715
2824
58
9285
4254
344
9909
1595
6307
8703
1254
3225
6719
4853
6196
8402
3317
1561
5900
7880
5698
1354
5852
8873
4225
5279
3768
3190
6081
4986
5147
2526
1981
5586
1287
6055
9872
4620
4009
5122
9104
2742
9512
1086
7475
1555
9331
8781
5792
3091
3224
1684
5841
4724
1509
4767
4108
1567
8463
583
9890
273
5337
5005
1995
2846
2130
4978
2716
7025
3687
7982
9133
3148
3168
2282
7965
9560
86
3417
9942
4475
8674
8022
7076
3289
3928
7532
4683
7226
4159
6503
8282
6778
5451
3848
2499
5695
9249
9852
6571
8616
9454
5855
638
205
6327
6104
2649
3345
8756
7442
982
817
7549
802
5567
4929
1726
2694
2054
6600
2483
4311
2112
8119
8330
9670
5486
911
3672
4325
7063
3575
8964
5324
3466
8838
1880
923
6903
8981
7876
6392
1851
4132
8863
1848
9312
3938
1813
7799
2560
6736
4900
2454
8832
7562
9585
3202
4695
1946
1507
9960
9309
2809
3395
8181
8221
3204
9730
8411
5148
8349
2782
2174
2910
2833
9504
5781
4604
7870
6337
3798
9078
7152
3923
7863
3346
2450
283
561
814
5574
644
8101
5153
5541
6714
5200
3690
2957
3526
9635
7948
5128
612
3774
7358
7987
9240
9610
2353
7090
8404
7390
7089
6066
3025
8554
9164
7699
430
6533
4482
1305
74
6841
9193
4540
9562
7567
6276
7373
7258
493
1049
3685
690
9356
9569
6882
2371
6410
3270
6181
8591
506
2939
6099
340
1636
2456
5080
3571
6943
5856
2425
7051
2065
9622
9144
3254
9914
9333
5210
3349
2907
6160
4933
9759
3422
5566
8571
872
882
4990
6945
2583
9900
4917
8846
7113
9549
5342
4400
4768
1999
9607
4944
9781
1916
7401
2259
8736
1772
7003
796
7059
297
8335
7512
5642
868
6833
7911
9790
5272
5299
5133
809
8980
4752
7122
3381
7545
6931
611
7357
1430
8469
9364
2254
8142
9305
3055
9767
5155
8198
4341
9892
4892
9329
8038
6769
7264
8080
7928
3884
1881
3881
51
6420
5911
1278
9819
8562
5822
7085
2594
4302
8201
8851
9088
9089
6032
8387
6596
2028
3673
7324
84
338
7388
8078
2113
6028
1782
2393
3588
2975
2559
4029
7703
6479
4791
142
4491
6901
7533
2905
8040
2090
9556
3434
3194
4732
972
5745
8578
4439
7140
7510
6532
2892
990
1544
2402
7049
9270
334
1850
7000
115
2658
7056
6224
1080
4949
3327
7742
9677
8326
7619
4938
7497
1607
6731
9941
9211
3399
3093
7609
9362
1937
7630
4502
6575
5807
5323
9983
7362
3216
1816
4932
1923
3104
6444
6263
38
5759
9422
1304
8128
1010
874
6438
2776
1709
6333
1245
1528
4693
2973
2441
5038
9292
1327
2305
3976
4224
8300
6026
7370
2989
1081
2813
9012
7186
4122
8210
912
4663
3622
3342
8177
8553
7735
3382
5846
918
9867
4921
6803
8108
7766
298
8602
2178
7325
3732
181
8264
5353
5644
7110
9395
2878
8991
1337
5700
3882
7800
7970
79
6332
5462
7251
7026
7297
1048
566
9728
4085
3641
3004
8383
7579
3501
7981
3957
376
7474
1150
1408
5126
7536
7143
9334
2738
1444
4354
7583
4687
116
3011
1113
6880
8082
4130
5489
7271
994
3820
8985
1781
7336
5518
9652
9443
792
5628
4644
7509
9264
5522
5840
7145
1484
7160
9883
6236
5655
4023
8696
5268
5601
6553
3223
7716
1565
2241
3585
2210
3553
4872
6501
3513
2181
5939
9801
8256
6492
6118
3556
4429
897
5292
1157
4418
9123
6279
5979
5509
5267
3877
2710
3102
1068
9230
7162
6442
6233
4882
3647
9041
3566
2765
3057
1103
6763
7062
9391
3520
9747
8874
5544
9501
259
1963
8242
9136
1320
3051
8314
5293
9086
6670
4218
723
8247
966
4586
1859
5988
9403
6691
7500
2582
7381
4197
4257
6345
8505
1405
3435
8285
6999
7841
7606
893
5705
5729
8194
1418
6325
8618
839
5992
1490
9389
4377
4913
7368
609
1235
5023
5660
9278
1543
3944
2408
667
3281
4718
42
6281
8615
5101
4614
1228
2024
3688
3525
1378
2105
7018
5358
452
9128
4047
6092
3741
1184
5752
1110
9219
4567
3375
87
1112
2891
4651
835
1393
2625
2401
8811
5119
3853
9741
6944
6274
9172
5654
192
3793
5824
9378
7238
6914
9450
6658
7768
3667
6768
2592
6505
8319
3916
6791
4696
4380
1861
5686
2223
9505
2884
660
7547
2788
4298
6216
7827
7548
2752
4442
2778
8949
7785
5255
3507
2093
2888
1628
2722
6836
8921
8631
3595
5341
3362
6432
962
6996
5057
3172
204
1422
5487
5808
7977
8629
6643
5750
6953
9636
5969
6715
9138
1307
2253
4689
6346
5993
8281
162
3915
7121
2446
6244
7595
9132
2828
7088
2542
657
8277
5682
6372
9159
8086
7605
500
3849
8456
4477
3678
4841
9127
2882
2735
3256
4154
5659
3059
6484
3173
8273
361
6338
8950
7569
1211
8121
4413
4055
4848
6611
5646
6106
6250
7544
4706
433
5415
891
6458
5871
6262
4105
8530
9281
553
5379
6201
2547
9071
4078
1251
4926
2164
6642
2410
2548
3386
2717
6128
7139
969
7133
5690
9192
5239
3263
4750
9207
8534
4868
5633
8579
5002
5866
1482
2881
9806
3838
2391
3850
7826
8405
2531
8718
4678
6367
2196
8970
2278
9678
6578
3364
997
7233
3370
7086
2224
4998
6146
3527
6805
4002
5817
4625
174
6813
1943
228
3889
9689
3129
2539
8557
679
2038
676
2647
3414
6197
2144
4030
1635
2047
1651
7252
1703
5433
2718
9105
2687
7039
6245
9156
8058
8367
1976
860
6551
940
1142
3698
6002
6667
7812
5664
4888
6034
5809
8755
617
1815
2087
9808
7598
4535
5365
7037
3651
4907
9115
4305
9124
633
4285
1686
4186
8059
9809
8253
4052
3720
7115
1634
171
6369
4229
2156
2153
2048
7262
8049
8988
4814
3535
9479
7874
7318
8321
5327
875
1906
4184
7052
4799
909
925
2091
9057
2867
8246
5826
5835
1643
5090
3746
3218
1284
1698
2126
7764
3747
3594
3781
475
5983
2593
140
316
7436
135
7482
1028
7713
3090
2476
6831
4424
2158
902
9286
3702
8494
4539
5583
7823
4641
6772
4736
678
4950
2484
9097
5948
1462
4858
9840
8827
5999
4914
8891
1520
1121
585
6856
2092
2861
7241
1190
1469
8600
8236
6123
4286
4668
5031
908
3676
2783
7718
2058
5949
1199
1424
4725
9
3412
9833
10
8432
1264
2428
2308
5785
2836
9959
1479
1924
2142
4464
3811
3050
5525
5495
7237
8005
5937
7108
1200
1600
7712
7542
3863
565
4776
5921
1956
1374
8287
2615
3764
1223
1046
5485
24
2563
4973
9667
1820
415
9351
3579
6321
2815
309
9812
9598
3650
4554
8338
5968
589
5009
7462
5296
899
3084
8586
7892
102
4490
2180
6507
5741
1515
7095
4642
6209
5484
6131
1812
742
7346
2366
522
9113
12
7349
7886
1939
7909
6861
6597
9748
4241
9076
9455
1887
8931
7893
4390
698
61
9830
5445
6235
4710
6709
5078
2798
9690
7807
8633
9040
3453
6859
1156
2472
1216
4563
1185
6046
634
6074
5436
9031
7584
4831
2385
7440
9961
7167
5595
3184
2913
9705
8657
5857
6295
4386
9370
9509
7268
8193
3565
3558
5828
1629
4582
72
2794
4660
780
4423
9687
1964
5311
1397
1467
1421
7208
70
6759
1762
5618
2926
1364
7443
1780
8048
2276
3220
4263
394
7126
5004
3541
2427
7437
6460
1914
3388
4810
793
7352
8118
2725
9405
2490
7489
2459
6065
6352
6063
2902
5447
7066
1800
9338
1373
8537
9444
4443
2438
6087
3351
3832
8574
3405
7918
4922
9020
1845
7382
1810
3273
8370
5658
956
6493
931
2074
8044
7044
5763
9869
9411
5769
8138
6868
2400
1852
2111
9844
5823
9310
3162
9985
7615
7130
4068
6621
9429
4667
5453
8711
5827
8296
5171
6529
1701
5104
5517
6133
5025
9508
1071
1904
2436
546
2086
3353
4277
2154
4169
1949
948
843
6082
9958
4518
505
5704
700
7385
4924
7200
3199
3660
6311
9826
3779
5226
3144
9330
3248
411
3036
3958
453
826
6554
2621
1889
6589
2244
1062
8580
2434
7286
8041
8960
3391
8284
3605
3966
8734
2768
1394
8678
3266
7232
1309
7212
3232
8257
1641
5933
2121
7565
7994
5181
2817
5854
797
9246
9868
9319
3367
3891
263
9066
2030
7118
9568
6047
7035
7743
1731
6430
788
8835
3865
1874
1586
8702
5369
5124
7312
5838
680
8850
261
8732
9816
4788
1201
2963
8601
2943
2170
7560
3143
614
9489
7753
7566
4506
2811
777
6802
3141
4020
1159
2589
3131
88
1360
4865
4471
5868
7339
5276
2494
5543
4306
4155
1372
9876
2376
5499
1770
7846
124
5193
2270
4903
6316
9695
128
1716
5138
8510
2588
2183
9606
727
7490
6362
6510
8403
4912
1936
603
7954
967
2912
9994
8680
4765
3624
6779
1075
3712
8636
4550
2464
3804
2347
840
9648
4629
4164
759
6583
4463
3807
1849
4265
1516
9842
8366
8098
80
8956
981
3823
6397
6328
8245
1356
6848
1753
6620
6644
5794
5062
3274
2522
2367
4679
9724
8903
4675
6889
6228
3701
3079
6883
2041
2360
8134
8283
1497
9074
3310
223
9244
7169
7869
7895
6933
4520
853
2637
9499
3752
3137
2310
4266
1326
3875
4346
8952
1375
625
4955
8328
1680
4379
9295
7019
7270
3343
6448
1715
594
4664
9102
3069
2237
195
8773
2256
1434
7574
161
2008
5085
2554
7460
799
7119
9632
8028
8223
7610
6838
1240
1951
1106
9518
4071
2665
1367
1230
3787
9347
279
8272
3840
2674
751
5084
642
143
8433
4916
6310
6900
1400
2063
1085
8769
4547
7810
3739
2654
850
810
6277
462
1909
3777
9011
9412
7934
6064
9877
6905
3214
4650
8882
3883
1930
98
3635
4252
2104
8183
9373
4125
4566
9975
3302
4943
405
9726
3766
3639
9989
2558
1026
8667
9385
5219
2664
2010
9239
7784
9293
284
8224
389
477
8084
7374
6142
977
5130
7042
3420
9631
3035
8141
1794
6265
4674
7925
5065
2187
5028
2099
1480
7898
7561
3186
6004
249
7055
3045
6815
6072
2651
6892
4538
2607
1633
5121
7995
8717
3721
1222
9570
8942
6616
3269
5787
9109
3264
1165
2373
6035
2812
773
7830
68
6537
5408
8346
2094
5919
4247
3293
4088
4592
7077
3127
1433
8533
1004
6348
4007
8019
1013
5338
4280
3748
6030
1672
9017
9688
5149
4895
6163
7824
2986
6050
3061
9336
4596
3794
222
6700
3191
4397
4984
6068
2737
4497
8006
1653
4319
6027
7883
8927
6823
9814
6610
5286
1808
9557
1513
3087
4844
744
2103
7009
4343
5460
9141
2736
2345
8799
3773
1863
9540
6145
3407
2031
1409
3469
8634
2228
4290
3788
4974
4983
6001
9583
4780
652
8570
8613
139
4192
2381
629
7930
5616
2203
3531
2452
8376
3749
6415
8876
9062
423
1345
4623
7159
8979
8389
6960
6217
2208
3297
2302
1217
8184
815
8563
7674
7597
2842
5405
946
2521
5042
6651
7659
5273
5270
3893
8630
4918
9375
5282
1668
3139
8431
2298
8150
8371
9154
9526
5319
9445
709
5736
4755
2890
2035
1355
3655
9773
7998
155
3219
2520
3509
1256
7682
8315
5863
8982
5047
2314
6936
1202
391
4976
3243
3432
4897
342
36
4702
3014
9343
2530
5889
4161
4961
2076
3097
8739
5188
9447
9034
3755
901
1997
8999
3576
2724
1953
1410
6121
1868
9215
2662
1739
6017
1757
529
8122
8871
7897
54
5632
1464
1101
5230
7507
7625
4041
8779
3933
400
9736
5251
1594
4794
2598
164
49
2536
7164
8298
8218
1527
6830
1795
1590
562
239
1532
9823
2758
5040
3140
8396
2632
1039
8866
9875
8836
1197
6663
6093
4605
7525
4099
2461
3006
126
6649
3081
8831
7366
980
4499
233
2832
6402
2323
3092
2993
4067
448
8730
703
109
8359
6100
1530
964
3870
3295
3542
1882
8124
7369
1034
5727
7290
560
5053
8211
924
2043
1206
157
4024
9621
7877
6049
8785
9651
4881
1799
6819
970
2922
3476
811
1289
3337
4072
6984
4828
1181
2933
9612
3744
8100
4643
9188
5208
8893
916
7074
3995
6989
5141
1398
3951
9301
8158
3596
6847
39
2541
1382
3802
677
3762
4336
310
6405
5842
5143
9718
1330
1055
6746
5589
2618
1786
7081
9056
248
3502
5291
4898
1835
7933
1478
4815
4803
8406
9709
6396
6215
2421
9019
6357
3024
4600
3067
4384
9780
3796
663
9077
2364
4090
3201
8206
9596
1313
8452
8023
8266
2204
5725
8741
9616
1875
5630
1837
4454
7043
4682
7555
401
2442
7303
9627
1791
7486
5624
5223
8954
5820
2850
245
5348
2330
9195
1619
5315
9935
2201
2057
9441
2168
3825
197
1302
1057
4766
8515
449
4612
7347
3500
3096
8466
2534
272
4360
4116
8241
7798
8309
5333
1661
2764
2797
332
3960
304
1212
4833
7073
8401
4801
7207
2880
2667
2597
5442
336
5347
6480
5010
8418
4504
5990
2406
9525
2652
5961
1645
8758
6538
3708
646
112
2416
2020
595
3786
3689
7491
1581
6203
2944
2429
3020
1655
3543
3120
7141
2896
4239
2286
3443
3504
3913
9727
2711
4885
7887
3617
8933
9413
7163
4167
9368
1369
9749
5731
953
6387
5377
884
3259
9117
496
8595
6770
4406
9253
9392
6379
4213
3169
613
1751
7969
1712
9769
1639
2528
5929
1044
9757
3814
8439
8348
4385
748
3467
3972
2772
1274
4450
9524
2875
503
6120
4228
9520
3852
8068
2750
6024
2501
4805
5440
6053
5079
8794
7604
5413
5634
5015
572
2628
6164
8422
9328
6840
5378
6962
7422
5154
7175
6577
3332
1272
5410
1357
4789
7522
7166
9710
3377
7
6810
1463
1452
8966
288
8612
3973
6020
1030
262
4337
9915
8584
6168
2587
1109
6760
6473
9107
8398
7224
2645
2578
2955
6137
3170
7668
1831
6356
4979
3843
3153
7017
4211
3730
3449
8391
645
2527
8935
4935
6227
9294
5893
5156
3410
7487
1683
6266
5640
7806
375
9185
5582
8917
5848
1210
7300
1002
5789
5710
5872
5362
9919
8375
7738
6698
4126
1213
1070
1614
4544
4473
6716
8905
7884
3074
6455
1007
2840
8460
7065
5114
6021
8267
8637
1474
6229
4437
5314
7976
5891
8151
2026
5783
4488
8986
2666
7687
4392
6745
4253
2819
9674
3937
9601
4210
9208
5497
1136
9483
8593
8867
4329
1298
241
9729
2999
4787
9022
7225
9793
7526
6767
7576
2480
8427
1006
4034
3580
8310
129
4954
6886
3276
4934
4635
5645
5706
9661
6426
3448
9751
1944
3713
7301
2642
5309
4648
5733
1377
7503
5310
2893
8749
450
1789
1864
7635
5336
7050
9045
5505
1986
7344
1738
4956
2976
434
5350
9118
2688
4425
3684
2595
8036
9873
5343
5431
7309
8569
2397
8025
4183
2039
1437
6737
2967
7694
291
2721
1589
2159
3931
1646
2336
6138
2161
8548
828
4096
5742
4639
9573
8085
6946
2802
7267
7731
6626
1926
8644
2613
6143
1127
8291
7833
1504
943
2122
9701
4657
5562
9668
3161
8887
3905
1797
1583
3582
438
5593
4373
275
886
4367
7291
3094
1458
2218
9553
153
4230
9269
9439
2497
3699
8261
6906
274
6764
4381
9065
4925
5106
2423
8737
1473
1325
2874
7131
5916
8231
5950
9604
4347
1901
3572
8171
4172
6297
3826
741
2197
7441
692
8334
7231
7704
4221
4316
7815
795
158
5072
5477
9534
5521
253
1934
2382
8408
937
292
7004
6934
7929
4212
4515
7411
836
6711
269
255
735
7287
7421
4093
293
9957
7155
1865
8984
9859
4796
4110
4143
13
8748
5832
4618
464
5237
658
7178
7033
1606
4616
8772
9699
5537
301
985
6896
4608
9706
7423
4945
4036
425
6891
8683
1268
6423
4050
643
9359
6634
5674
2216
3261
6932
1681
501
5235
1542
6851
9304
8136
4303
4617
4042
5814
5534
8226
6287
9644
5492
2222
4809
1351
5689
2060
776
8361
6928
9417
7285
5575
7608
2682
1335
6919
6364
8551
2119
8465
1263
5788
6579
2098
7321
9235
9899
6400
4684
2413
8575
2388
2324
879
9438
5075
7414
6000
8624
7171
7776
210
7885
9060
1510
7758
6073
2696
8269
9683
4756
511
6632
7114
6481
9468
3771
3599
9507
7096
999
5054
1017
6869
6
9234
8766
7817
1708
4410
5825
82
3277
5427
8423
3013
1460
838
2123
3384
1227
2227
1702
9233
949
5117
7571
6324
6465
7550
8260
8862
3726
5334
6141
7176
3118
7403
8289
8907
7727
7728
1679
588
2982
7708
9070
4607
8449
8369
56
600
232
7769
8137
7951
1042
7840
8961
3697
9737
4089
4722
403
863
267
3072
5364
1961
9901
8795
5176
2713
9277
8786
9446
2101
8240
6149
3088
8767
1124
9911
6022
995
2179
1470
2082
4338
6469
8808
8448
5683
4512
3626
2202
9590
2858
6213
6703
9986
9778
3205
7430
8778
4957
6520
4431
5629
1386
519
8895
1913
4849
1524
507
5837
2552
6776
5716
1830
7845
9396
6555
5285
2003
1132
768
4408
1000
1873
4507
3294
2951
2409
1428
3570
6309
7280
5784
734
8340
3499
8495
8923
5466
1193
5791
2723
3048
3997
7695
6376
8556
2821
6331
3486
9181
9571
9692
1176
4156
3156
2097
4951
6873
8566
1308
1796
2787
4565
5256
3016
6393
3851
6664
8050
5406
5515
1293
6320
8995
6412
5768
9898
812
4816
2226
486
390
9771
2148
7098
7480
9519
7825
3115
7104
9433
2604
2599
5211
4419
2537
952
944
466
4259
5614
11
3176
9517
3856
5100
437
75
3321
7476
7739
5702
704
3411
7215
3064
2493
725
6662
7808
7332
9979
9856
2950
6652
9558
2453
117
4536
5815
6371
218
888
123
1825
1573
8477
324
2961
3523
1257
4185
1627
2928
8842
4082
7204
4711
3454
1346
681
3956
1435
8111
3226
542
6817
5864
5354
6693
4295
5107
764
431
4980
6721
5356
4061
798
5051
4676
4834
1711
4510
7306
3043
4530
666
6456
2744
4249
26
4514
8924
7700
4890
4571
651
6656
2759
3991
186
5692
5158
8155
8888
7284
3646
4178
4180
6887
8555
7505
1162
7842
5778
1175
8360
4967
1747
6866
4014
9832
3670
6762
5387
3198
5906
6078
650
3111
2120
2895
429
5475
749
2731
5281
3508
523
7760
8691
9465
5172
8939
5930
6254
1195
526
919
9722
2509
7811
582
9490
4175
4894
1973
4288
6952
4215
1616
412
1886
8698
4101
5123
2769
1384
5304
3042
5340
3070
1824
2984
3829
8590
3265
6464
6044
4262
3180
4033
6898
4389
2293
647
7618
4217
7275
2322
5306
172
7967
1178
7269
1170
5563
7040
9428
5699
6750
3034
2232
8237
8470
9784
8805
108
6517
9453
7740
4688
8451
1280
5696
2332
820
2378
4194
7444
104
5796
4749
6171
3171
221
5164
7151
3002
6330
5275
5013
9779
9055
1756
640
5997
9750
5162
6497
9418
8324
4070
763
2523
8542
4166
5882
7757
7568
8853
1545
5351
2369
8910
7636
9655
138
8192
7060
2862
2693
5110
8490
3492
9469
816
5622
5321
5941
455
7600
5125
9002
5627
9765
421
7802
2432
3489
6187
2088
9708
1577
3390
185
7941
5681
5594
7796
6557
3642
9565
2580
3859
6090
1858
1714
822
6862
6416
559
9130
5649
8541
6070
579
6177
1919
8547
5041
215
5974
8381
674
5956
4583
8362
2068
7405
5570
3887
1339
4315
7852
4533
8726
5775
7406
2608
2430
2936
7150
9103
8270
2372
2900
7029
3361
8824
9703
3031
490
9248
5052
295
7710
4640
2916
7962
3555
5070
6843
9366
9566
2296
2814
930
6283
1803
3539
397
6878
5006
3475
9682
7008
6516
2627
8714
2673
3283
4738
8244
6186
358
9650
9014
6625
3398
4910
7219
2127
8179
5018
1723
7070
8021
2866
1224
7686
7919
867
3841
6671
9096
8169
152
9398
2780
1718
5430
5797
2790
3758
1285
7559
5751
955
7452
996
7971
5511
4102
6665
1900
8222
4753
5221
6366
9515
6922
3584
5372
1146
9018
2767
6708
7236
6041
7501
2553
7007
515
7737
8660
2235
6563
9010
4001
3369
1241
5774
971
7337
1631
5816
656
8693
6384
5212
9530
7580
894
7587
801
6451
3427
4182
7651
5284
4670
5404
5244
7671
8875
2426
1092
5585
675
9511
8325
9629
1376
848
1383
7418
9182
9371
6686
7975
8750
7570
5552
1774
6885
9153
4289
9407
8889
556
1940
7859
5400
1130
1682
5390
9527
1282
3872
5375
3217
517
3880
3547
8011
8054
1819
417
7980
8573
5170
8110
9404
2605
1759
4363
1149
6391
6657
9470
6496
1105
1587
7127
5998
830
9493
7813
8746
5711
9984
9437
5493
2942
2749
1805
2634
2193
2864
8728
8689
7936
2983
4279
6172
5087
2533
5480
6184
4238
7848
4203
1790
4909
6909
4637
4018
5519
9374
7620
335
7564
6675
620
9930
6040
443
4445
6485
3695
1557
4272
4226
3245
7120
3044
9772
9626
823
7310
6095
5191
4395
7678
9110
8804
4593
6152
5259
6911
1878
4361
8527
5561
3207
7924
3392
8809
854
6094
5266
7794
5115
5734
1692
5908
1988
8501
1229
2591
5884
6732
2217
9584
6910
6647
6088
3222
3123
4448
726
9082
5003
3753
7955
4902
1381
5892
2860
711
5035
4274
789
15
281
7539
5798
6417
9913
6865
2445
9945
4521
4376
7639
1761
6987
3707
5360
4601
8672
6755
5928
9016
5118
2857
7586
3618
1024
6530
1493
4324
1012
5957
6729
3208
6476
9393
8307
7801
1122
1550
6535
6875
7481
5383
7391
7652
913
3419
2289
6981
5732
4602
1209
1506
508
5407
5418
1449
65
740
6920
7448
1102
3640
33
954
6580
6648
7942
7654
1495
3416
5851
3908
4117
4091
6206
3318
4142
8341
4699
7181
550
3971
7873
530
6854
6377
5635
6293
1811
9538
9887
5578
2653
8744
2396
378
8787
5227
3236
6751
3360
9360
2462
2698
6221
7653
5030
6677
1255
1225
3282
3163
1043
4691
8152
9460
8447
9825
6797
6607
7572
8094
3125
4086
9536
6085
8393
6144
7816
4057
6800
686
7156
8067
1294
5836
9072
8167
2773
4489
9383
8619
7972
2818
9006
4273
103
6483
1016
8884
1361
1821
9190
4952
4524
9937
6243
8932
3757
4745
2281
307
3185
9694
1182
4748
6487
3136
4966
268
8204
8886
385
4000
7091
4743
9300
9247
7645
6722
5926
3633
3620
2978
8254
4705
9713
2271
2834
9879
5501
6424
2299
4795
488
8721
6251
5288
1234
3897
3836
6218
5673
4358
1018
9564
932
7099
3288
52
8682
5970
873
9061
1329
6056
131
47
1040
3331
3557
5320
8546
5459
701
5225
8776
363
3132
1897
3922
2545
8567
7329
3047
9698
9290
7868
3040
2184
5463
1984
5032
8771
2879
7787
5465
2573
5045
3592
1427
9415
4138
90
7027
2803
7379
1657
7741
3397
4557
6976
201
8958
7054
2918
7202
5800
7916
7331
3710
2191
5385
747
312
9933
7862
4819
5456
564
2908
7612
5139
606
347
7102
8419
9912
4558
9854
1970
4222
6234
1119
8972
4191
7997
1314
3625
8724
8870
8132
5060
3770
7792
4578
6127
9506
9298
6704
9744
8655
3637
5359
8496
697
8388
6834
1693
3430
1822
213
4728
4777
5951
2389
8936
8498
6012
7429
7957
1749
2966
7313
5722
5507
9228
5546
7706
7138
420
3681
942
9079
6654
9885
1021
5960
9760
207
5478
4017
1818
7535
3790
322
5913
5556
8087
447
2671
8079
2889
2609
575
4647
5651
6433
2356
8363
2303
7431
9237
6007
2505
252
571
3885
2496
5662
8279
419
4915
2679
4459
5414
5209
7899
7839
3727
4785
1737
6382
5621
8665
2689
5902
3357
3174
396
2551
2291
3187
5753
1053
6437
6461
7293
2233
6246
9212
289
4707
4763
4234
7858
9721
2069
4835
5744
1303
9693
122
5650
3329
9666
1828
6846
5177
4107
5803
3437
217
6270
7256
539
9917
4474
4134
7882
2668
1094
3393
2149
9463
2046
3518
6556
6282
1525
7592
2135
7791
8070
1632
101
1475
779
311
9069
5131
4335
3560
2457
9761
5064
2325
18
4015
2349
1534
6097
3716
9938
1649
8352
6166
4887
1036
4243
4588
8016
5174
7690
8117
3912
4960
9442
7986
9316
5935
4804
5767
2283
6280
5476
3181
355
1370
6679
3445
4483
3348
6194
4462
5374
4045
2706
3027
3428
3724
4972
7298
871
8788
1236
3511
2102
5411
1529
9799
8816
4622
1488
3955
6360
4075
5762
9147
4993
968
5564
537
4880
2341
3864
3438
9457
78
957
3268
9965
7511
8638
9786
4959
4153
359
3157
7553
6349
9492
4140
1666
8521
8412
6712
9449
6525
2695
439
2207
2265
6519
7355
4301
111
992
7394
4056
3099
6428
2311
5743
9231
9888
6462
1442
2312
9664
8943
4579
9160
3408
9129
1099
8632
9205
648
4428
2251
1283
3677
922
3472
9768
5339
8676
8614
900
9339
2214
3211
4884
3999
9546
7524
3993
4859
7931
2940
4619
2708
4981
3344
7631
404
3663
6132
1065
9939
1318
5452
3421
5638
7348
5386
6988
4977
8796
7195
9027
7243
4200
9654
6890
7365
3076
2380
4492
7749
6775
5539
3060
4525
5966
4864
4838
1047
9836
8229
7345
1832
2844
8215
5448
7350
921
2684
7920
2309
3241
6508
7246
896
8712
6543
1876
1334
2826
9992
5088
6509
1980
8099
7274
5907
21
9296
9081
762
3456
2935
8694
2435
9813
1445
9272
184
2981
2690
6395
8993
1553
4769
5666
6495
1958
3012
8248
1133
8973
1579
547
6059
5904
4195
7754
8301
5850
6241
1069
2685
8479
2747
541
4165
8467
9597
3940
4481
5488
8560
4784
2871
8869
9800
5011
5944
3032
2288
3309
9073
4309
4359
6954
866
3001
1501
3252
626
9796
8263
3077
9326
5020
2644
4655
482
3431
4133
9346
6169
2792
7642
8112
3629
2751
7650
6604
9456
5165
4552
7730
6486
7508
7493
1664
6793
5545
5989
1486
8738
3039
1623
1084
9013
959
3652
3561
3862
5685
1063
2964
330
6248
1948
473
1841
8013
4744
9810
3662
7669
392
5050
7342
6472
1834
4357
5312
8519
1385
4920
4177
8987
5120
7478
890
1622
1015
9245
9707
2279
8089
2574
2883
6340
1954
3835
5663
3112
1095
5381
2443
685
7614
383
6683
4447
1885
393
7316
1169
8855
6707
3255
6531
7907
3373
7398
2077
6312
1419
1147
6723
4364
4564
5714
1174
7805
6342
4627
8407
5946
6185
3886
2055
847
7400
9472
9037
9776
2051
9282
1847
1144
6511
2384
3925
1983
2118
6290
3833
9944
7733
8914
5772
502
5821
7831
1836
2661
4824
7198
6955
6777
365
1855
9217
2340
5076
3452
1344
6706
1599
4543
6117
2619
3052
5146
2972
7022
7633
5898
2980
8026
7340
5917
4606
2085
4531
5335
2746
5873
9675
7698
6696
1706
2146
8918
3458
9421
4633
2
5056
5419
4825
5228
7527
8706
8160
784
739
1061
2075
6113
6506
5805
9533
4328
829
8845
9169
5234
6161
1844
4995
2796
6521
8916
6129
6544
4236
3943
4145
8144
936
1058
2475
9545
7447
5886
4455
5550
9116
1379
8093
384
6957
8459
1696
6130
9926
2370
4946
5127
1938
2988
947
2848
8476
2307
6782
2917
1744
7932
4611
6613
8967
3461
5071
9897
6436
3311
7637
1776
5661
2152
1531
2211
5254
3352
1624
7031
9646
6765
6881
9313
2845
7673
979
9350
8147
7518
7047
2524
2791
3473
7581
9638
167
2865
6678
6253
9176
5604
1073
1297
71
7748
6191
20
6695
3767
8473
6771
6694
9087
5420
7247
6122
7082
4821
6603
8475
7993
6973
7622
121
7689
7165
5885
1411
7697
5967
177
2540
202
4223
7193
156
3680
2229
5746
9851
4726
7959
1907
9502
7013
6445
9083
3978
3138
445
7253
5166
6592
7889
193
8345
5429
1465
2624
8790
3151
8168
5277
6660
8628
9435
4485
9410
8331
9805
2703
756
9414
7154
4321
790
2171
9325
6820
8157
9647
1838
4862
1977
9059
4181
8760
9555
5432
1517
7944
3645
8699
876
8209
1588
7763
5140
6863
1526
3145
9258
8202
2849
2519
9834
2346
9478
3969
5596
1546
5437
4928
7427
4308
5971
6249
4016
4721
6935
5945
6351
5626
2329
5167
3095
1371
5361
7433
8091
3977
6315
5940
2969
3403
3292
9267
107
5955
9804
819
6440
4594
8707
3930
8491
5833
9340
1792
328
1020
5049
282
5878
6232
6894
8145
8329
1537
1387
9213
2806
3471
9831
1468
4327
9134
4438
9092
5918
6574
8213
1281
770
3693
497
469
6624
615
5500
3959
1568
807
137
9940
5467
7024
6499
8262
5260
4936
1533
9893
5472
6109
4256
470
3285
1662
4430
4006
3481
465
4812
9379
3238
9029
4449
1700
880
2044
1342
5876
3234
4845
8818
6598
8847
3668
8646
5606
2165
9434
4496
7282
1243
8090
8938
2924
5502
5668
2029
4904
9561
8437
2761
3920
9387
7563
5831
9179
7218
6355
3968
2487
8225
6151
4345
1499
146
5330
4199
2479
9563
7578
2977
407
1804
6273
198
491
2535
558
794
9680
8664
8487
9594
7367
2669
1088
6220
4574
6822
1207
8317
3071
4523
5096
6454
6010
2242
2516
6997
6569
4501
4231
3085
9962
5111
6992
6175
8552
4260
7701
4008
6033
7881
8890
7773
9214
4131
8420
9881
7504
4811
9645
1208
9878
7469
3406
4613
2300
9633
8195
3731
4919
4115
5819
9756
3278
9762
3446
4232
6446
3425
6617
9342
9951
7380
2825
8978
1674
9625
7148
2451
3890
9676
8127
9532
7083
3810
6077
5810
8550
4062
2728
5669
9866
8643
8716
5380
3919
9464
3984
6947
5216
5093
34
6054
8915
1720
3330
8666
1978
3563
7338
9624
9972
5179
6801
5091
9673
3188
1974
6609
3451
4039
9227
3914
8238
6179
7968
4843
791
258
1242
5464
4269
4031
1022
8596
5368
9349
1027
1407
5675
2729
9243
3714
6963
382
22
346
5530
4046
1045
3926
5247
6466
1817
8178
3861
5297
4964
7756
5180
717
8003
63
7067
343
9436
2946
5029
1896
950
5523
3497
2937
8004
6572
8944
8968
6837
870
8176
9857
4609
4962
9841
2477
8251
5963
1404
3426
6447
5443
4109
5573
6031
4402
1932
781
2681
8252
7953
7589
9850
5461
1454
9488
3359
5726
8994
8928
3306
484
2906
1091
4294
9609
3246
4371
4877
398
9785
9733
2546
1695
5557
8444
2033
4729
7209
4911
5712
4970
7001
9106
4871
8742
5102
9162
4896
9186
8097
1743
7666
4369
8913
3611
2805
3053
7820
7194
1107
4010
5540
5980
6354
5804
7988
2753
8715
6230
8480
1917
6618
3015
4370
6787
3772
6558
35
6105
8697
4432
960
4714
7461
474
7520
2417
66
5000
6343
9587
6629
671
3287
3213
243
6060
3602
188
8143
9792
2705
1823
2960
2262
8438
7602
7075
1396
720
6023
7239
4516
8789
9321
212
5
7079
5022
3876
7363
7036
5925
3193
8104
9095
1578
9618
9574
9276
1196
552
8113
7170
4296
7783
8819
2173
9157
818
8055
2799
4999
6699
2221
9200
8912
5881
1253
4677
9998
3604
5558
9152
3528
3402
7261
8076
7978
3817
895
191
4806
9369
7822
4139
2005
934
3855
3900
2502
5860
2062
1064
3927
8878
9529
7958
4671
9168
7780
7187
40
8450
4118
598
442
5572
4856
408
2920
4119
3133
5207
7804
5869
2405
9303
7315
3515
9177
234
8705
3733
7327
4054
4168
7030
6016
8654
3548
5813
260
7750
3776
9905
2784
3800
8002
8909
209
707
9461
6637
6457
4759
6038
276
1403
718
4300
227
4694
4891
2550
5761
5688
3994
8791
3101
6606
3260
3763
8992
327
9332
7311
5524
2838
7296
772
9173
3038
4251
3591
2712
3227
9535
2498
3490
885
5069
9500
3534
4546
5092
367
1548
618
3806
5724
487
5137
7283
4104
4553
1724
9025
6985
1226
5747
649
6925
9297
2422
9307
3945
9033
2556
9743
1572
3765
3007
1417
9798
9906
9922
1097
2510
5098
6990
9777
8640
7943
3953
4323
463
785
846
9791
4420
8173
8175
5728
3494
8963
1987
8879
6162
7072
7992
2995
3372
7144
8656
2002
7317
7080
3005
9348
8565
7479
3761
7092
5773
7334
6394
1151
4176
3894
3058
3593
7116
8027
399
2869
6037
169
7477
1826
7901
941
41
2036
8188
6998
2511
1979
2182
3066
2470
2700
2831
3743
9274
9080
3987
1935
4716
7649
3631
6165
6857
9191
9543
8911
7646
4144
7821
6565
5017
7945
4542
9335
5236
5895
3387
6845
3134
3155
3519
2056
1203
132
4012
8445
7419
5938
1766
9028
2635
8197
9615
9054
9314
3550
9891
7488
4818
6818
7774
9770
5099
4624
2925
3019
2379
3683
9918
2968
5409
2730
1705
1809
8219
7865
7616
6680
9513
7279
4382
6566
456
605
5636
7921
5316
3873
593
5490
8357
6646
3705
5144
4680
432
2739
6134
5701
2137
5185
6370
7294
6789
5591
8598
7272
7428
2585
2321
257
5756
3703
8727
1420
5189
6684
3799
2979
7778
4366
4773
9976
1784
9166
9653
8060
1120
7990
9966
538
235
354
1177
6849
7472
5605
1214
1511
8318
1689
3653
2919
4658
9035
1630
6949
567
1551
1126
2440
9766
4939
4025
9477
2339
9788
1423
4403
2444
4975
7172
2847
5274
6386
4248
736
5287
1522
1570
7888
708
2789
520
6939
1129
8735
2248
5068
8622
6965
427
800
8125
831
1547
5867
4662
8268
236
9931
6192
8820
6200
7593
2284
9980
5883
7681
7451
1009
6413
4466
1671
5887
6975
3899
1883
3054
4649
6434
4823
287
7250
6825
2014
9588
4899
1521
4503
3711
8131
4905
9224
3516
3296
3536
5482
7624
1502
3636
5262
2045
9764
8453
4751
5652
1340
861
3970
1363
7904
8861
5037
6735
2072
7684
6720
8288
8092
2160
1871
345
7158
7273
7016
3831
8312
4330
2215
2064
9910
1074
3573
1767
7854
3455
9174
7850
8414
3729
7732
5927
1166
3760
1402
7307
2295
2683
6126
4781
3722
7917
1862
6595
5978
8008
1025
7384
3530
4717
8139
6687
4404
2641
99
4314
1232
904
8659
2199
3484
1054
2473
4136
4930
9828
1660
1801
2909
3989
3818
4476
5667
1368
9431
8582
9263
159
8603
5491
6240
2781
3046
5802
8620
1023
178
1898
2294
5294
190
1139
3598
3316
9021
7709
5656
95
6210
7575
1412
8753
883
3396
4808
9782
5617
9223
6278
4548
2720
2646
862
8860
4081
435
9053
2096
6096
7629
2854
1552
2357
9402
5271
2320
8478
5016
8417
9361
9024
4591
2650
4281
6941
1971
9372
9663
9251
6319
9542
3845
4307
7590
7069
454
7413
7028
32
472
993
3103
2755
4098
9820
978
9763
7672
9167
3301
8149
907
631
7356
2633
7064
855
1952
9049
2620
1188
3692
3478
9946
1569
6972
2053
8007
6188
8904
6864
379
7628
9657
3003
2947
366
5619
3607
4059
8623
9672
1288
699
6286
8039
2623
869
16
1730
8430
9977
2169
9266
3939
9254
8069
9126
8635
2343
743
4690
9858
134
2795
4735
9291
4398
8896
3728
2622
1077
8729
4568
1777
9716
9932
183
6758
9589
127
1443
5830
9968
5371
3308
2994
599
8627
7744
7938
3164
5203
4076
8650
5577
498
574
8504
2141
9582
5231
211
9354
5483
471
3376
8959
7779
7323
7660
9641
3233
1286
3644
3789
3062
5458
3237
1620
2714
2266
563
7117
1270
9797
1125
5469
7721
6969
3992
1436
8332
230
5108
380
4793
7950
7554
7902
9704
2342
6076
6098
483
5758
55
6183
9953
182
8322
9681
753
7956
5532
3830
5024
9143
8140
8010
9052
2167
6498
7591
3179
6824
3379
3821
410
8274
1670
6585
5205
6549
3521
337
5301
3517
9586
8807
8046
9802
6019
974
2348
2287
6927
3983
8929
64
3623
5073
3911
2793
5648
6809
3981
2675
3742
1425
878
6766
2061
6867
1564
3946
9617
2195
2209
1247
3033
9120
3049
8458
750
5182
5331
4681
4013
9000
2403
1894
5715
9241
721
9175
2617
7377
3769
1448
3615
7492
373
3477
5799
77
3694
1574
5439
2934
4847
3350
1141
5912
302
5865
3606
2338
7878
4436
1269
6288
2841
7335
7210
2230
5590
6119
1362
6542
2194
5329
668
2326
166
2247
303
8990
4778
25
7087
8294
8426
8626
1942
5039
9811
6774
3590
4669
2740
9679
3932
991
1331
4021
1833
6612
7240
8743
9658
2374
8745
6214
712
7906
9907
173
5549
8700
6198
7314
7989
4866
2023
8688
8020
6239
4416
6584
4636
6257
9221
5206
6689
610
7910
6808
3340
548
1540
6261
9474
6219
4590
9567
8792
1691
4829
2998
8358
9996
7983
1296
7260
5346
8095
4589
7540
4826
9384
3113
5043
9923
6308
8484
8061
1319
778
1621
5392
1093
1678
6260
8868
2958
4040
5588
1300
7809
3106
6471
1306
458
5879
5021
8066
730
8731
3616
2506
9503
9093
1755
8849
852
1610
9593
4027
3358
3627
1429
4207
1618
6930
532
4700
9853
6347
170
1461
1244
9288
5393
5300
8394
1656
6734
9425
7184
9094
1535
8865
4549
3056
3440
803
3643
67
1960
7613
7068
3910
7537
4839
554
4852
7514
1707
5914
4250
590
7557
2465
1922
7257
341
7393
9232
8857
1160
3023
6713
6450
7530
4318
4137
8180
2949
7857
1192
3706
6359
5680
2886
665
2162
6427
3178
8825
4737
9420
247
7926
1168
1615
1613
3834
4352
2873
2911
5922
8965
8822
4551
9715
3924
8852
4237
3554
3512
5446
5027
92
6306
1688
9111
4603
6318
4953
5142
3075
8854
5376
2518
7034
2474
4456
329
9344
4878
5730
9353
9394
9151
4561
5559
6785
3307
8686
3215
604
3328
5014
3298
9990
4026
7396
6474
5349
4661
9158
2188
7702
4931
6674
6528
5481
7046
7711
8392
540
8946
738
3819
881
1078
5910
7206
2249
1413
7864
8482
1642
8609
4331
1051
4701
6682
8840
349
9423
1637
5849
9112
6368
2672
1250
4208
8837
7458
1740
2163
5737
5317
2763
8165
2757
7836
6669
774
3857
3524
8368
5568
17
3119
2702
7227
2602
7446
6075
8751
3895
7960
844
4772
5896
9572
7793
8170
3192
6401
6147
624
2447
3482
4840
4875
9279
8564
3996
6252
3380
6628
3479
5581
89
926
30
2273
9794
2771
637
9004
44
428
1921
1324
3675
1487
2697
5723
2328
8471
1500
4798
6958
7726
7914
887
7484
842
4994
6582
4426
5554
2362
7424
1456
114
4807
6923
5647
7777
2404
8074
9725
6780
5909
4258
9581
5046
1690
2352
1171
2640
7999
2012
313
7220
1453
761
5474
3691
524
4268
2212
5217
9250
9936
7214
5399
5703
5847
7213
4355
3586
689
5965
6659
2564
5987
7397
8653
9711
8293
5215
160
6872
1687
6124
7245
2365
7900
8899
1745
8190
5201
4103
782
9203
7459
2948
1969
6897
3879
1476
7558
5033
5584
7182
6271
2272
8029
9163
7847
2431
5994
6301
9863
3404
8908
8645
3460
8493
1752
7229
3577
7573
7531
8813
7940
9399
136
1787
364
2987
5580
1438
2709
8436
5145
6650
2411
4487
2839
821
3961
2138
7196
6816
9628
3409
5598
1840
4374
8673
2954
1135
7263
4092
5905
6298
8516
1925
3949
6560
9261
9950
299
7015
3589
2313
4004
4348
578
6275
4827
3805
4478
9649
1994
3858
5931
6806
2274
7402
2471
3824
5899
4060
4800
9630
440
3888
3182
2630
3363
2018
4189
7205
3244
369
6545
414
760
4837
834
8708
6979
9818
3567
3142
1722
4035
2407
9947
9928
7607
7594
3240
9140
5707
5190
8271
9345
3251
4141
31
9430
4906
3619
4937
5708
7101
910
3465
2579
203
6374
6874
5150
6388
1447
2333
4968
130
7454
5246
4044
8685
2596
5874
8642
6502
6334
1472
9640
6052
4846
2025
6107
1673
6419
9363
5019
2897
9948
889
6622
8120
3242
2150
6850
9696
3063
1675
2855
7790
2636
4205
1929
833
5780
8485
1733
2756
4245
527
467
2488
2132
6036
8877
3300
9740
8585
5103
2176
8033
1758
5066
2285
9311
4283
7094
987
3423
6523
9440
8280
9855
8153
2829
48
6586
1455
2115
6619
4005
2827
8989
4673
3299
4500
570
3491
1676
3965
8517
4908
4267
238
5801
6852
9122
938
4498
9216
1261
2359
4058
2468
4870
3114
8722
105
4575
4123
5620
3107
4764
6690
8156
3436
4573
8243
7915
1966
4135
7132
4519
5345
478
4458
7455
3275
3086
6781
608
2277
3844
5398
6855
7762
7913
4276
6754
9284
4527
3750
7665
2823
4452
841
7856
2368
9817
8996
4340
8830
786
7506
8454
4356
2586
8030
2953
285
3210
3638
8848
1798
3514
4820
6717
9196
4388
7849
3854
76
3569
251
5839
2399
331
351
8303
7860
7723
4322
9026
9552
226
2810
5470
7961
2566
3754
7688
9955
6226
766
1972
2486
7467
7979
6926
6727
97
416
7611
2816
8154
4375
7254
2052
2491
5422
737
722
8801
286
7278
2887
9324
5671
4883
9720
8902
8196
4
6285
5858
5382
147
418
1592
6573
1172
4786
5214
5542
535
9521
4465
3785
3463
7136
3778
8720
7603
149
6365
4148
5258
1866
2306
2019
7230
661
8187
6102
3334
339
5238
1654
3986
5991
8217
1439
2741
7053
7797
9322
7788
7445
1503
2715
4038
8528
3146
353
7378
858
7057
1032
2414
1153
6786
3279
586
5943
601
9487
1123
4813
3338
1238
5520
6083
4453
6178
154
7517
5412
5687
2049
7964
3736
3745
4517
1512
641
7149
9971
7420
4332
8881
9551
3962
8526
6014
2117
1388
8535
5048
7819
325
8858
4779
4440
1582
9357
9458
3335
9150
3941
4193
8540
145
9639
4242
6504
5280
4802
7973
1905
4173
2612
8798
7330
1915
2876
8529
1559
9783
5250
6970
3990
7103
1218
8508
4782
8532
3068
6329
9149
5498
3470
3792
5245
9352
3868
9874
3147
8278
200
4704
8102
4992
5749
5454
1259
6681
62
4074
7891
8687
3493
8276
9925
1769
4063
7894
3738
2603
5555
1996
9789
485
4233
6326
2007
5514
4560
4740
326
8421
8065
6608
5366
4628
1096
2611
5845
2478
4626
5615
1893
4097
8440
8559
9259
4555
8395
516
7643
3815
8001
9904
6341
7866
7596
5631
7109
6512
2134
1955
1114
3324
2392
4754
7259
5455
4708
8024
2529
8605
4427
7386
9494
2004
2213
832
2050
8382
8035
2290
8525
5175
6103
9815
23
7266
9202
7203
6893
3630
6615
4572
3271
920
713
7464
9700
8012
8290
2901
8539
1079
6292
5782
3154
7157
8757
3846
151
6174
1763
1962
4942
7183
4084
8205
4124
7434
9238
93
8483
461
1083
1035
4486
1884
8351
6522
9090
8679
4610
702
2463
3982
5611
1260
9099
7890
9908
745
4095
5625
7112
489
7912
6378
3009
4692
8983
6154
494
1957
1993
8212
1301
6116
2760
3934
9496
805
6599
8056
8295
3948
1892
6256
755
2250
576
6728
9317
480
8934
8492
6636
1585
6904
6853
8589
4873
9476
3783
6173
6738
1764
113
1005
5608
2017
8894
8783
1279
6363
7105
8802
8115
7389
7020
2952
3917
4632
6993
2315
5194
8592
7683
6829
5307
4855
1179
6005
9165
8486
5975
5151
5183
6937
6832
6237
5135
6918
3621
2000
4152
7404
5599
1746
2894
8364
29
8661
5579
619
1677
9920
3583
2820
266
7333
1341
8343
6375
4188
8072
9306
683
8239
9921
3160
2670
8258
8106
2974
714
1895
8834
3026
3247
7011
1736
6753
3108
1152
2108
2433
6242
4053
1658
8037
7627
1457
6158
3347
9365
9691
3860
2358
3632
4147
6006
6821
4261
6550
8409
3613
6666
7376
5083
8390
4255
5159
5776
4739
8953
8468
7640
2067
1145
9865
3552
2743
1180
6190
9001
945
5877
4206
7747
8464
7177
8342
6913
7199
9603
9125
9280
9497
225
3239
1003
2719
9829
8775
5441
3483
2766
2157
5757
7147
8200
1322
715
6489
1265
3574
1854
73
3
3756
5765
7383
8975
3532
6289
321
1785
7006
2260
8793
2774
9256
7124
6844
6639
7770
6322
2078
7395
8399
441
4659
1414
1291
3907
1663
57
2151
8937
6902
4339
9929
8621
6638
3065
4713
1267
2557
1104
5942
877
1872
250
4287
8692
2868
9051
3177
2807
6908
8926
9894
5426
9686
4646
7752
6439
7705
7648
3100
4270
9289
845
1710
4196
1985
6223
8233
7751
7125
7392
7021
3189
9702
3429
3480
2600
4158
7647
9323
5996
7319
4170
9486
4326
2395
2629
3942
44