7696	1	517
1869	3	21
4292	2	6
825	3	5
8114	2	5
4297	3	5
4368	3	5
5302	4	5
9807	2	4
8524	3	4
9265	3	4
2676	4	4
5528	3	4
7416	4	4
1617	4	4
1406	5	4
8898	2	4
4857	3	4
7409	3	5
1446	4	4
4114	3	6
4333	4	4
5612	4	4
4958	5	4
2656	3	4
6468	4	4
3183	4	4
6749	5	4
9916	4	4
6425	5	4
2930	5	4
3568	6	4
9260	2	4
1158	3	4
6422	3	4
7502	4	4
413	3	3
4073	4	4
6924	4	4
9660	5	4
9886	3	4
5760	4	4
1108	4	4
7255	5	4
9541	4	4
5694	5	4
6828	5	4
509	6	4
2572	3	4
3197	4	4
1471	4	4
1591	5	5
1311	4	6
9148	5	4
4065	5	4
8897	6	4
2439	4	4
808	5	6
9308	5	5
6814	6	4
2830	5	4
6418	6	5
2089	6	4
2255	7	5
8518	2	4
8009	3	4
3628	3	4
8355	4	4
2569	3	4
2350	4	4
6336	4	4
7288	5	4
5326	3	4
1489	4	4
8435	4	4
892	5	4
3496	4	4
5953	5	4
8581	5	4
2584	6	4
783	3	4
5112	4	4
2460	4	4
1602	5	16
2885	4	4
3415	5	9
6264	5	4
8174	6	4
1275	4	4
9210	5	4
69	5	6
7685	6	4
5623	5	4
7722	6	4
3083	6	4
8374	7	4
5764	3	4
3315	4	4
3021	4	4
7142	5	4
3121	4	21
917	5	4
9754	5	3
6344	6	4
5986	4	3
3203	5	4
5055	5	3
5693	6	4
5576	5	3
8227	6	13
6685	6	3
4214	7	3
9970	4	3
4220	5	4
2317	5	3
4587	6	3
6907	5	4
8797	6	3
2927	6	3
4113	7	4
706	5	3
8604	6	3
5958	6	6
4468	7	3
1902	6	4
8441	7	3
1336	7	3
8704	8	6
8356	2	4
9643	3	3
2492	3	3
6676	4	3
4461	3	3
9510	4	3
6688	4	3
7745	5	3
5423	3	3
3669	4	3
664	4	3
7399	5	3
4621	4	3
3267	5	3
7496	5	3
2945	6	3
2205	3	3
4100	4	3
551	4	3
9623	5	3
536	4	3
5428	5	3
7322	5	3
5457	6	3
3128	4	3
983	5	3
2638	5	3
4077	6	3
8	5	3
1431	6	3
3869	6	3
2678	7	4
8583	3	3
1667	4	3
377	4	3
6389	5	3
231	4	3
961	5	3
8671	5	3
9003	6	3
2107	4	3
6627	5	3
6561	5	3
50	6	3
3195	5	3
1538	6	3
6108	6	6
4171	7	4
6602	4	3
5389	5	3
8425	5	3
4494	6	3
8611	5	3
19	6	3
5691	6	3
1295	7	3
3333	5	3
7767	6	3
2657	6	3
2258	7	3
4861	6	3
5198	7	4
4353	7	3
5964	8	4
5565	3	3
769	4	3
3450	4	3
7707	5	3
7343	4	3
3017	5	3
229	5	3
6361	6	3
8308	4	3
1990	5	3
1598	5	3
3546	6	3
6490	5	3
4790	6	3
6635	6	3
1076	7	4
5657	4	3
8384	5	3
9462	5	3
5471	6	3
7655	5	3
1992	6	3
2562	6	3
3904	7	3
6701	5	3
1890	6	3
8428	6	3
7248	7	3
1328	6	3
6839	7	3
9999	7	3
5077	8	4
9484	4	3
9419	5	3
3030	5	3
4971	6	3
7680	5	3
5257	6	3
5607	6	3
9275	7	3
580	5	3
6150	6	3
5806	6	3
8250	7	3
9480	6	3
1609	7	3
1748	7	3
8499	8	3
3105	5	3
7844	6	3
5074	6	3
635	7	3
8520	6	4
4313	7	3
3665	7	3
9466	8	3
6156	6	3
3468	7	3
5779	7	3
1626	8	3
1732	7	28
5199	8	3
1612	8	3
6408	9	7
3837	2	4
7005	3	7
9734	3	3
5355	4	3
5240	3	3
3175	4	3
1519	4	3
4672	5	3
8434	3	3
1685	4	3
4433	4	3
543	5	3
7676	4	3
3510	5	3
2567	5	3
3709	6	3
278	3	2
8053	4	3
4576	4	3
6752	5	3
2318	4	3
2643	5	3
8333	5	3
7828	6	3
4121	4	3
9924	5	3
9222	5	3
4832	6	3
4771	5	3
7829	6	3
9481	6	3
1807	7	4
3433	3	3
8415	4	3
125	4	3
7529	5	3
8976	4	3
8000	5	3
3679	5	3
4792	6	3
7617	4	3
654	5	3
2692	5	3
3130	6	3
4631	5	3
4028	6	3
9735	6	3
9302	7	3
3098	4	3
319	5	3
7985	5	3
5984	6	6
4734	5	3
9268	6	3
6300	6	3
3600	7	3
3439	5	3
4204	6	3
9408	6	3
630	7	3
4656	6	3
5218	7	7
7875	7	3
9400	8	4
602	3	3
5512	4	3
4537	4	3
7626	5	3
8062	4	3
6441	5	3
9204	5	3
5793	6	3
4019	4	3
7223	5	3
3498	5	3
9226	6	3
199	5	5
4111	6	4
7717	6	5
9135	7	4
6593	4	4
3122	5	3
9255	5	3
6725	6	3
1138	5	3
2606	6	3
3323	6	3
4965	7	3
7242	5	3
4595	6	4
1827	6	3
5527	7	3
314	6	3
7244	7	3
133	7	4
2009	8	3
2375	4	3
898	5	3
2095	5	3
7923	6	3
752	5	2
4129	6	6
4969	6	3
7002	7	4
8461	5	3
9005	6	3
4216	6	3
2932	7	4
9952	6	3
280	7	3
7450	7	3
6942	8	3
8719	5	4
1597	6	3
1014	6	3
1118	7	3
6968	6	3
8327	7	3
3022	7	3
9451	8	3
6008	6	3
2192	7	3
573	7	3
4202	8	3
3109	7	3
5242	8	3
7519	8	3
6398	9	5
8833	3	4
5434	4	3
6207	4	3
2268	5	3
8941	4	3
7746	5	3
8617	5	3
3740	6	3
6541	4	3
5195	5	3
9838	5	3
6269	6	3
9982	5	3
4817	6	3
8481	6	3
3751	7	3
2225	4	3
7061	5	3
2733	5	3
4830	6	3
859	5	3
179	6	3
3126	6	3
8014	7	3
1775	5	3
4484	6	3
4599	6	3
6614	7	3
83	6	2
37	7	3
3822	7	3
988	8	3
3400	4	3
317	5	3
8974	5	3
5641	6	3
2835	5	3
7473	6	3
6470	6	2
4723	7	3
2561	5	2
984	6	3
7679	6	2
8821	7	3
5163	6	2
2344	7	3
1920	7	2
3322	8	3
5777	5	2
1441	6	3
1829	6	2
1237	7	3
3073	6	2
2555	7	3
2275	7	2
8385	8	3
3906	6	2
6404	7	3
254	7	2
2853	8	3
2699	7	2
4775	8	3
9671	8	2
6067	9	3
9452	4	2
7234	5	3
8920	5	2
2109	6	3
2543	5	2
557	6	3
5222	6	2
2631	7	3
7714	5	2
4378	6	3
6189	6	2
7135	7	3
5718	6	2
9355	7	3
4901	7	2
6157	8	3
2800	5	3
3029	6	3
3564	6	2
9861	7	3
2257	6	2
4149	7	3
305	7	2
9262	8	3
5786	6	25
5233	7	4
8856	7	3
6740	8	4
1359	7	4
2267	8	4
5168	8	4
45	9	4
2660	5	3
7012	6	4
2455	6	3
1317	7	4
8235	6	3
3117	7	4
3149	7	4
3291	8	4
7106	6	3
1189	7	4
8172	7	3
3474	8	4
3341	7	3
8442	8	4
2386	8	4
4757	9	4
4987	6	3
9550	7	4
716	7	4
5653	8	4
8690	7	38
9146	8	4
3159	8	3
8829	9	3
9198	7	4
1928	8	3
7927	8	3
5672	9	3
6959	8	3
7641	9	3
8608	9	3
7153	10	19
7498	2	5
1155	3	3
8429	3	3
518	4	3
7084	3	3
4106	4	3
1477	4	22
9482	5	5
5397	3	4
1982	4	4
1366	4	4
1492	5	5
1742	4	4
8064	5	4
8249	5	4
3442	6	4
7974	3	4
1349	4	8
5548	4	4
3000	5	4
7516	4	3
5903	5	4
4879	5	3
3356	6	4
4630	4	3
8948	5	3
8648	5	3
7045	6	4
1927	5	4
5535	6	4
6877	6	3
9591	7	4
3212	3	3
3649	4	4
3929	4	3
7128	5	4
8135	4	3
6951	5	3
3735	5	3
2785	6	4
5875	4	3
9432	5	3
9448	5	3
4940	6	4
4365	5	3
6211	6	3
6978	6	4
9155	7	4
514	4	3
6773	5	4
6302	5	3
8057	6	4
7664	5	3
4372	6	4
6631	6	4
1750	7	4
1669	5	3
4179	6	4
9758	6	3
5976	7	4
4284	6	3
4529	7	4
3867	7	4
504	8	5
6733	3	4
5665	4	4
636	4	3
8052	5	4
7984	4	3
4244	5	4
2956	5	3
6757	6	3
528	4	5
3228	5	4
4421	5	3
4271	6	3
5094	5	3
3780	6	3
2264	6	3
4719	7	3
7123	4	4
3896	5	7
6112	5	5
3312	6	4
3037	5	3
2914	6	3
2245	6	4
7772	7	4
3401	5	4
8777	6	3
7426	6	4
9058	7	4
3441	6	4
6089	7	4
732	7	3
2219	8	4
6710	4	3
8497	5	3
7534	5	3
4312	6	4
2777	5	3
8045	6	7
4989	6	3
1788	7	3
5513	5	13
2872	6	3
9257	6	3
7949	7	8
4982	6	3
1991	7	6
7494	7	3
1856	8	4
4417	5	3
824	6	3
1011	6	3
1741	7	3
5959	6	9
2775	7	4
9409	7	6
2481	8	3
6453	6	3
119	7	5
9236	7	2
710	8	2
7499	7	2
1395	8	3
7946	8	2
5603	9	11
6380	3	2
5008	4	2
6314	4	2
7192	5	2
9848	4	2
1031	5	2
1704	5	2
5637	6	2
3775	4	2
4079	5	2
6195	5	3
9180	6	2
1910	5	2
7302	6	2
8782	6	2
7775	7	2
4570	4	2
1765	5	2
9075	5	2
9880	6	2
6043	5	2
8297	6	2
9669	6	2
9991	7	2
7601	5	2
2655	6	2
8639	6	2
9835	7	2
2124	6	2
4469	7	2
767	7	2
6111	8	2
9528	4	2
1933	5	2
1348	5	2
8503	6	2
6403	5	2
5740	6	2
4151	6	2
8259	7	2
9620	5	2
5169	6	2
2037	6	2
857	7	2
5496	6	2
1734	7	2
9063	7	2
2335	8	2
587	5	2
3336	6	3
2507	6	2
688	7	2
6524	6	2
3979	7	2
6744	7	2
4120	8	2
5370	6	2
4727	7	2
3313	7	2
9315	8	2
1699	7	2
6452	8	2
9997	8	2
7463	9	2
929	4	2
531	5	2
1959	5	4
986	6	2
2297	5	2
5468	6	2
8162	6	2
4653	7	2
5134	5	3
6986	6	2
7174	6	2
8161	7	2
7658	6	2
1239	7	2
8350	7	2
4350	8	2
9283	5	2
7867	6	2
7814	6	2
1220	7	2
5391	6	2
3950	7	2
6630	7	8
5344	8	28
5357	6	1
1846	7	3
1056	7	1
4712	8	1
3612	7	1
7528	8	1
1508	8	1
8647	9	1
4581	5	1
7468	6	1
7410	6	1
8677	7	1
627	6	1
3124	7	1
3842	7	1
9637	8	1
5204	6	1
7552	7	1
8536	7	1
2575	8	1
3166	7	1
2331	8	2
7093	8	1
1299	9	1
9902	6	1
499	7	1
6406	7	1
5676	8	1
2261	7	1
8701	8	1
9467	8	1
705	9	1
3385	7	0
6180	8	1
219	8	1
7457	9	1
7408	8	1
8538	9	1
8255	9	1
1505	10	8
7523	3	1
1154	4	1
513	4	0
7853	5	1
5697	4	1
2449	5	1
1899	5	1
8126	6	1
4493	4	1
3459	5	1
4509	5	1
7513	6	1
2639	5	1
3609	6	1
6860	6	1
9963	7	1
9194	4	1
5897	5	1
1735	5	1
8109	6	1
2514	5	1
8883	6	1
6761	6	1
7935	7	1
1888	5	0
3737	6	1
8305	6	1
3718	7	1
693	6	1
7277	7	1
9634	7	1
7308	8	1
1911	4	1
8302	5	1
5790	5	1
9189	6	1
4032	5	2
6876	6	1
6491	6	1
3135	7	1
4441	5	1
1998	6	1
7320	6	1
8872	7	1
5748	6	1
9121	7	1
2581	7	1
5438	8	1
4963	5	1
6812	6	0
9595	6	0
6835	7	1
6748	6	0
9299	7	0
424	7	0
6916	8	0
804	6	0
3562	7	0
7543	7	0
2363	8	1
8220	7	0
9746	8	0
6514	8	0
9995	9	0
9903	4	0
2198	5	0
9981	5	0
3447	6	0
6513	5	0
1725	6	0
5063	6	0
8817	7	0
9846	5	0
6385	6	1
4066	6	0
3816	7	0
4730	6	0
6170	7	0
5506	7	0
5870	8	0
5936	5	0
1321	6	0
1584	6	0
6982	7	0
220	6	0
6804	7	0
4569	7	0
1001	8	1
684	6	0
6567	7	0
6912	7	0
271	8	0
4985	7	0
6259	8	1
9131	8	0
9475	9	0
4320	5	0
6980	6	0
8658	6	0
1968	7	0
5985	6	0
1648	7	1
14	7	0
4334	8	0
628	6	0
2843	7	0
9717	7	0
5859	8	3
1576	7	0
6884	8	0
5610	8	0
5308	9	1
8803	6	0
7341	7	0
621	7	0
8230	8	0
7292	7	0
8599	8	1
4349	8	0
5795	9	0
4174	7	0
8313	8	0
2147	8	0
2292	9	0
6373	8	2
856	9	1
3674	9	0
632	10	1
5313	4	1
7071	5	0
6783	5	0
3898	6	0
8107	5	0
8292	6	0
214	6	3
7715	7	0
2240	5	0
2042	6	0
8955	6	0
7670	7	0
3167	6	0
4598	7	0
4585	7	0
6966	8	1
4472	5	0
9048	6	0
1989	6	0
8762	7	0
6304	6	0
659	7	0
5421	7	0
6284	8	1
3975	6	0
2316	7	0
7734	7	0
4513	8	0
3723	7	1
4505	8	1
549	8	0
2734	9	0
4541	5	0
2577	6	0
3082	6	0
7692	7	0
7656	6	0
5952	7	0
1575	7	31
6039	8	0
3366	6	0
9401	7	0
2448	7	0
6794	8	1
2080	7	0
3229	8	0
3603	8	0
6317	9	0
8199	6	0
6967	7	0
5755	7	0
2100	8	1
8669	7	0
9575	8	0
5036	8	1
8446	9	1
9956	7	0
4003	8	0
5109	8	0
308	9	0
5059	8	0
3365	9	0
4435	9	0
5719	10	0
451	5	0
9427	6	0
5402	6	0
5157	7	0
1338	6	0
3725	7	0
6576	7	0
1771	8	0
7078	6	0
6552	7	0
5771	7	0
8930	8	0
9008	7	0
6294	8	0
8502	8	0
2040	9	0
6929	6	1
2139	7	0
6792	7	0
7466	8	0
5770	7	0
3378	8	0
6661	8	0
5095	9	1
9473	7	1
9614	8	1
1659	8	1
8522	9	1
8455	8	1
864	9	1
3812	9	1
5283	10	1
91	6	1
6258	7	1
2129	7	1
9864	8	1
7470	7	1
4409	8	1
9548	8	1
9485	9	1
973	7	0
1491	8	1
4275	8	1
8088	9	1
9537	8	1
7189	9	1
8203	9	1
4761	10	1
1115	7	1
6296	8	1
9036	8	1
8189	9	1
1392	8	1
371	9	1
2243	9	1
8839	10	1
1148	8	1
7417	9	1
7010	9	1
4383	10	1
323	9	1
9732	10	1
2246	10	1
6915	11	3
3110	2	1
903	3	1
1549	3	11
6323	4	1
951	3	1
8761	4	0
9847	4	0
1950	5	1
7908	3	0
8662	4	1
6238	4	0
1187	5	0
2971	4	0
6798	5	0
2508	5	0
7832	6	1
9752	3	0
4867	4	0
6858	4	0
1137	5	0
5232	4	0
7168	5	0
1783	5	0
9745	6	0
1358	4	0
6003	5	0
4889	5	0
6788	6	0
2727	5	0
2006	6	0
914	6	1
9608	7	1
5352	3	0
2415	4	0
5924	4	0
6199	5	0
6971	4	0
5261	5	1
148	5	0
7781	6	0
1459	4	0
8549	5	0
2145	5	0
2334	6	0
6827	5	5
3413	6	0
5538	6	0
7372	7	1
3839	4	0
6705	5	0
8812	5	0
7249	6	0
1877	5	0
3389	6	0
9969	6	0
9388	7	1
1580	5	0
534	6	1
4049	6	0
4685	7	1
8513	6	0
1087	7	0
4577	7	0
4770	8	0
2856	3	0
8841	4	0
4460	4	0
5325	5	1
1596	4	0
6139	5	0
9978	5	0
989	6	1
958	4	0
315	5	1
1562	5	0
9795	6	20
2114	5	1
4299	6	0
5597	6	0
6080	7	1
4522	4	0
2354	5	3
3686	5	0
8373	6	0
1802	5	0
4064	6	0
5328	6	0
8558	7	1
2504	5	0
3374	6	0
2231	6	1
8784	7	1
4401	6	1
8997	7	3
333	7	0
1558	8	0
6640	4	0
3803	5	0
5192	5	0
1292	6	0
8768	5	0
7449	6	0
3847	6	0
3457	7	0
9619	5	0
3272	6	0
5516	6	0
1389	7	0
2022	6	0
5081	7	0
3394	7	0
4219	8	1
4783	5	3
7281	6	0
4399	6	0
6536	7	0
9137	6	0
7188	7	0
5395	7	0
3549	8	0
1353	6	0
2663	7	0
7556	7	0
4584	8	1
2921	7	0
6443	8	0
4534	8	0
9390	9	1
6742	3	1
5213	4	1
8940	4	2
6842	5	0
4746	4	0
2923	5	0
208	5	0
2125	6	0
5843	4	1
6212	5	0
3608	5	0
5197	6	0
728	5	0
3339	6	0
3666	6	0
6079	7	0
1198	4	0
3657	5	0
1451	5	0
374	6	0
8625	5	0
8651	6	0
1352	6	0
851	7	0
2590	5	0
6135	6	0
2565	6	0
933	7	0
4709	6	0
9100	7	0
7191	7	0
3901	8	0
7818	4	0
7765	5	0
7782	5	0
9229	6	0
8123	5	0
4733	6	0
2704	6	0
8105	7	0
9774	5	0
8962	6	0
2544	6	0
5754	7	0
3503	6	0
1860	7	0
4112	7	0
43	8	1
8740	5	0
2659	6	0
4562	6	0
9187	7	0
9824	6	0
7432	7	1
6568	7	1
3529	8	0
6601	6	0
3150	7	0
1778	7	0
8709	8	0
2748	7	0
4043	8	0
8800	8	0
1857	9	0
422	4	0
3654	5	0
7905	5	0
6339	6	0
5880	5	0
7222	6	0
592	6	0
4187	7	0
4997	5	0
7725	6	0
6655	6	0
1523	7	0
9862	6	0
2863	7	0
3597	7	0
9579	8	0
2701	5	0
4665	6	0
8457	6	0
9206	7	0
6205	6	0
9142	7	0
6167	7	0
5263	8	0
8083	6	0
8047	7	0
5973	7	0
4190	8	0
100	7	0
5613	8	0
8311	8	3
7032	9	0
3209	5	0
8572	6	0
8652	6	0
9775	7	0
9046	6	0
2083	7	0
3682	7	0
695	8	0
2489	6	0
2200	7	0
94	7	0
6548	8	0
468	7	0
1131	8	0
8063	8	0
8075	9	1
9382	6	0
8034	7	0
2419	7	0
5720	8	0
5278	7	0
9220	8	0
5394	8	0
8232	9	0
165	7	0
3696	8	0
7588	8	0
5901	9	0
7107	8	0
4209	9	0
2185	9	0
6153	10	0
8919	3	0
9242	4	0
7515	4	0
8815	5	0
2155	4	0
9225	5	0
2059	5	0
2106	6	0
7952	4	0
837	5	0
6826	5	0
7048	6	0
3871	5	0
4652	6	0
4991	6	0
3952	7	0
827	4	3
6459	5	0
696	5	0
7328	6	0
5113	5	0
1248	6	0
9723	6	0
4011	7	0
8543	5	0
9755	6	0
3866	6	0
5173	7	0
6977	6	0
2034	7	0
5295	7	0
2190	8	0
6539	4	0
2570	5	0
8531	5	0
360	6	0
4948	5	0
8901	6	0
1365	6	0
1839	7	0
2263	5	0
9044	6	0
3286	6	0
3998	7	0
4869	6	0
5982	7	0
7235	7	0
754	8	0
8713	5	0
3028	6	0
6358	6	2
3258	7	0
4235	6	0
5058	7	0
1640	7	0
9839	8	0
1947	6	0
3808	7	0
7937	7	0
1231	8	0
1518	7	0
2822	8	0
2677	8	0
3008	9	0
1713	4	0
7759	5	0
9098	5	0
5289	6	0
2571	5	0
9860	6	0
7097	6	0
813	7	0
7585	5	0
9358	6	0
1163	6	0
6870	7	0
6411	6	0
3656	7	0
7691	7	0
2015	8	0
2110	5	0
8129	6	0
6518	6	0
525	7	0
1514	6	0
2532	7	0
2280	7	0
7667	8	0
1496	6	0
9974	7	0
8379	7	0
9522	8	0
5249	7	0
1727	8	0
3936	8	0
6193	9	0
3304	5	0
1536	6	0
9870	6	0
5269	7	3
6011	6	0
8823	7	0
1194	7	0
8336	8	0
4415	6	0
5972	7	0
5504	7	0
9424	8	0
1219	7	0
8507	8	0
7541	8	0
1041	9	0
4923	6	0
2786	7	0
9032	7	0
1908	8	0
46	7	0
9967	8	0
510	8	0
426	9	11
3280	7	0
357	8	0
2128	8	0
7851	9	0
2500	8	0
2648	9	0
5403	9	0
4467	10	1
5184	4	1
2177	5	0
7326	5	0
1059	6	0
5678	5	0
6747	6	0
5812	6	0
2877	7	0
2707	5	13
2754	6	1
8159	6	0
6058	7	0
3462	6	0
9271	7	0
7966	7	0
7755	8	0
5424	5	0
6182	6	0
6381	6	0
8998	7	0
1760	6	0
8372	7	0
362	7	0
8906	8	0
3444	6	0
9114	7	0
8969	7	0
7299	8	0
2116	7	0
5587	8	0
1625	8	0
3371	9	0
2377	5	0
1315	6	0
4342	6	0
2482	7	0
7134	6	0
2837	7	0
1221	7	0
1050	8	0
2992	6	0
2189	7	0
8031	7	0
4559	8	0
60	7	0
2424	8	0
1754	8	0
1273	9	0
6335	6	0
6048	7	0
6807	7	0
9161	8	0
5264	7	0
3902	8	0
277	8	4
6879	9	0
569	7	1
7551	8	1
5097	8	0
6029	9	0
9592	8	0
4842	9	17
5862	9	0
9042	10	0
5116	5	0
4240	6	0
3303	6	0
5220	7	0
141	6	0
7161	7	0
5241	7	0
7111	8	0
5981	6	0
9738	7	0
1842	7	0
7425	8	0
3284	7	0
9119	8	0
1432	8	0
4048	9	0
6115	6	0
7359	7	0
9889	7	0
2234	8	0
1343	7	1
7265	8	0
81	8	0
5298	9	0
1593	7	1
3319	8	0
8610	8	1
2859	9	1
2804	8	0
9845	9	0
591	9	0
1290	10	0
2610	6	0
7903	7	0
5592	7	1
6101	8	0
8306	7	0
8752	8	0
545	8	0
1843	9	0
4317	7	6
8885	8	0
4947	8	0
4731	9	1
3964	8	0
5012	9	0
6995	9	0
1768	10	0
8606	7	0
1870	8	0
3253	8	0
3290	9	0
7453	8	3
1089	9	0
2469	9	0
5253	10	0
8146	8	0
1332	9	1
2576	9	0
1090	10	0
96	9	0
5717	10	1
6299	10	1
7412	11	3
4988	3	1
1262	4	0
8216	4	0
5067	5	0
8826	4	0
9599	5	0
8386	5	0
9803	6	0
2032	4	0
5129	5	0
758	5	0
6272	6	0
4201	5	0
3235	6	25
8670	6	1
8951	7	0
6515	4	0
8182	5	0
7719	5	0
9559	6	0
1019	5	0
3305	6	0
7217	6	0
5473	7	0
9665	5	0
1603	6	0
5243	6	0
1814	7	0
7634	6	0
2066	7	0
8668	7	0
7495	8	0
6062	4	0
9964	5	0
8594	5	0
7305	6	0
1183	5	0
4069	6	0
2143	6	0
9753	7	0
9085	5	0
915	6	0
976	6	0
6500	7	0
5089	6	0
8186	7	0
9381	7	0
3206	8	0
6247	5	0
2898	6	1
4638	6	0
3559	7	0
5186	6	0
4022	7	0
3791	7	0
7371	8	0
479	6	0
9023	7	0
1	7	0
6482	8	0
9987	7	0
6950	8	0
2140	8	0
8561	9	0
352	4	0
4087	5	0
7939	5	0
2779	6	0
3488	5	0
4391	6	0
4703	6	1
687	7	0
240	5	0
7663	6	0
1038	6	0
4996	7	0
5834	6	0
757	7	0
1485	7	0
8681	8	0
6435	5	0
6991	6	0
3909	6	0
8864	7	0
2073	6	0
6350	7	0
4444	7	0
3614	8	0
459	6	0
216	7	0
5995	7	0
3355	8	0
8576	7	0
7693	8	0
6353	8	0
1853	9	0
8649	5	0
180	6	0
387	6	0
7963	7	0
2398	6	0
6673	7	0
9091	7	0
1450	8	0
2001	6	0
2568	7	0
2387	7	0
2070	8	0
1333	7	0
5401	8	0
9642	8	0
144	9	0
7835	6	0
6291	7	0
2337	7	0
7582	8	0
7185	7	0
9523	8	0
2394	8	0
2997	9	0
1773	7	0
476	8	0
6948	8	0
8880	9	0
1323	8	0
457	9	0
8577	9	0
3522	10	0
6974	4	1
5252	5	0
7657	5	0
3231	6	0
2383	5	0
731	6	0
1310	6	0
8544	7	0
7295	5	1
6799	6	1
7351	6	1
7353	7	0
1205	6	0
3551	7	0
4293	7	0
3418	8	0
3506	5	0
8523	6	0
5318	6	0
406	7	0
8400	6	0
7838	7	0
9009	7	0
3985	8	0
6231	6	0
4666	7	0
9712	7	0
9007	8	0
1975	7	0
639	8	0
4927	8	0
2549	9	0
3704	5	0
3658	6	0
1249	6	0
2990	7	0
975	6	0
28	7	0
6871	7	0
5735	8	0
8286	6	0
256	7	0
8397	7	0
5202	8	0
5738	7	0
4146	8	0
5609	8	0
6938	9	1
6390	6	0
2762	7	0
7724	7	0
8347	8	0
8365	7	0
9318	8	0
2319	8	0
4412	9	0
2745	7	0
4434	8	0
7435	8	1
6061	9	0
1399	8	0
9514	9	0
3538	9	0
7761	10	0
6940	5	0
8971	6	0
5508	6	0
3368	7	0
9576	6	0
5526	7	0
655	7	0
2021	8	0
6136	6	0
1350	7	0
2412	7	0
4698	8	0
3967	7	0
1098	8	0
6692	8	0
7465	9	0
9714	6	0
8814	7	0
8568	7	0
5533	8	0
3249	7	0
3010	8	0
53	8	0
4886	9	0
3018	7	0
3827	8	0
2938	8	0
1481	9	0
5363	8	0
2903	9	0
3158	9	0
3954	10	0
1060	6	0
1143	7	0
1277	7	0
1067	8	0
3601	7	0
8339	8	0
7662	8	0
555	9	0
409	7	0
3089	8	0
1252	8	0
8377	9	0
8843	8	0
9426	9	0
8774	9	0
6431	10	0
7861	7	0
6069	8	0
7996	8	3
6605	9	1
8042	8	0
8191	9	0
9199	9	0
3921	10	0
320	8	0
9602	9	0
1164	9	0
120	10	0
4854	9	0
318	10	0
5679	10	0
9015	11	1
3661	4	0
4457	5	0
2512	5	0
6091	6	0
2301	5	0
9895	6	0
1116	6	0
7638	7	0
865	5	0
4495	6	0
2013	6	0
8723	7	0
9376	6	0
1556	7	0
2495	7	0
7129	8	0
2236	5	0
5082	6	0
622	6	0
6267	7	0
1494	6	0
8354	7	0
4150	7	0
4422	8	0
8051	6	0
8957	7	0
5187	7	0
623	8	0
2525	7	0
5531	8	0
5551	8	0
3485	9	0
2011	5	0
8925	6	0
7197	6	0
8077	7	0
6961	6	3
719	7	0
2904	7	0
775	8	0
939	6	0
4037	7	0
1117	7	0
9386	8	0
9973	7	1
1082	8	0
7632	8	0
481	9	0
906	6	0
5322	7	0
5290	7	1
1729	8	0
9884	7	0
584	8	0
348	8	0
1483	9	0
3734	7	0
9327	8	0
9145	8	0
3874	9	0
5367	8	0
5034	9	0
4528	9	0
9043	10	0
724	5	0
8733	6	0
3544	6	0
5829	7	0
59	6	0
187	7	0
1037	7	0
7179	8	0
4874	6	0
1563	7	0
1215	7	0
9039	8	0
5713	7	0
7879	8	1
8947	8	0
370	9	0
2166	6	0
5061	7	0
3116	7	0
8380	8	0
1554	7	1
4227	8	0
5510	8	0
9498	9	0
4508	7	0
8413	8	0
6018	8	0
4876	9	0
4893	8	0
6672	9	0
9949	9	0
7387	10	0
5954	6	0
1415	7	1
9337	7	0
1665	8	0
6383	7	0
9993	8	0
5560	8	1
8316	9	0
7216	7	0
350	8	0
294	8	0
5709	9	0
2626	8	0
928	9	0
8443	9	0
6756	10	0
8765	7	0
653	8	0
733	8	0
4645	9	0
6726	8	0
1566	9	0
0	1	0
1401	9	0
8416	10	0
1721	8	5
6994	9	0
5947	9	0
8684	10	0
8018	9	0
7375	10	0
1601	10	0
8163	11	0
6084	5	0
9539	6	0
771	6	0
9882	7	0
8747	6	0
5861	7	0
9684	7	0
1611	8	0
1134	6	0
4634	7	0
2538	7	0
4697	8	0
5569	7	0
5396	8	0
3974	8	0
8710	9	0
2852	6	0
6155	7	0
1931	7	0
2131	8	0
607	7	0
6983	8	0
2361	8	0
8304	9	0
9197	7	3
9064	8	0
6429	8	0
9171	9	0
4470	8	0
1072	9	0
6114	9	1
7456	10	0
5479	6	0
7771	7	0
6633	7	0
5026	8	0
596	7	0
2175	8	0
5178	8	0
4580	9	0
1066	7	0
8844	8	0
1498	8	0
4083	9	0
8081	8	0
9139	9	0
4836	9	0
5001	10	0
4860	7	0
5305	8	0
3200	8	0
5739	9	0
2996	8	0
381	9	0
6305	9	0
7834	10	0
8922	8	0
544	9	0
9068	9	0
5086	10	0
6540	9	0
6110	10	0
8337	10	0
3634	11	0
6208	6	0
446	7	0
6739	7	0
6015	8	0
7644	7	0
9218	8	0
2616	8	0
6409	9	0
5136	7	0
1728	8	0
4393	8	0
9178	9	0
6588	8	0
1111	9	0
492	9	0
1560	10	0
6645	7	0
682	8	0
6724	8	0
7803	9	0
2503	8	0
6623	9	0
9787	9	0
5044	10	1
1608	8	0
9459	9	0
7546	9	0
3659	10	0
270	9	0
5007	10	0
5529	10	0
495	11	0
1717	7	0
368	8	0
7438	8	0
6045	9	0
5160	8	0
6148	9	0
1233	9	0
3354	10	0
118	8	0
7180	9	0
5934	9	0
4396	10	0
5265	9	0
1647	10	0
7623	10	0
3795	11	0
6013	8	0
9662	9	0
1912	9	0
6225	10	0
9067	9	0
1380	10	0
1008	10	0
7137	11	0
1173	9	0
6477	10	1
196	10	0
8071	11	0
8353	10	0
1246	11	0
1941	11	0
3540	12	1
8511	2	0
9580	3	0
9611	3	0
4526	4	0
8265	3	0
6176	4	0
3487	4	0
2355	5	0
4615	3	0
1965	4	0
5152	4	0
5494	5	0
4797	4	0
1605	5	0
8015	5	1
6222	6	0
1140	3	0
8234	4	0
3257	4	0
8208	5	0
8859	4	0
9821	5	0
8424	5	0
4863	6	0
4760	4	0
9471	5	0
163	5	0
7041	6	0
8759	5	0
6313	6	0
5536	6	0
7038	7	0
7276	3	0
206	4	0
7023	4	0
8588	5	0
1918	4	0
4715	5	0
2726	5	0
2931	6	0
5449	4	0
7729	5	0
6407	5	0
669	6	0
8763	5	0
8754	6	0
2084	6	0
9600	7	0
5670	4	0
5132	5	0
9896	5	0
1029	6	0
402	5	0
5388	6	0
8344	6	0
7789	7	0
1891	5	0
2601	6	0
7100	6	0
4264	7	0
4479	6	0
388	7	0
4128	7	0
8509	8	0
7304	3	0
3383	4	0
8207	4	0
4446	5	101
1779	4	1
2133	5	0
4051	5	0
694	6	1
5818	4	0
3464	5	0
1440	5	0
85	6	0
3165	5	0
9184	6	0
2991	6	0
6790	7	0
6204	4	1
6888	5	0
3424	5	0
5962	6	0
372	5	0
6009	6	0
670	6	0
3325	7	1
9273	5	0
8462	6	0
3801	6	0
7855	7	0
7360	6	0
9030	7	0
8695	7	0
9685	8	0
5417	4	0
3988	5	0
1266	5	0
4160	6	0
2206	5	0
3326	6	0
9988	6	0
5643	7	0
9739	5	0
5248	6	0
2513	6	0
3648	7	0
1652	6	0
9927	7	0
3196	7	0
6796	8	0
6741	5	0
7146	6	0
7871	6	0
3578	7	0
2027	6	0
9209	7	0
1879	7	0
1650	8	0
8320	6	0
4556	7	0
244	7	0
7837	8	0
7947	7	0
9201	8	0
2770	8	3
2732	9	0
1052	3	0
7439	4	1
300	4	0
3828	5	0
6718	4	0
4742	5	0
194	5	0
597	6	0
672	4	0
2186	5	0
8806	5	0
9697	6	0
386	5	0
3782	6	0
8764	6	0
2071	7	0
9613	4	0
3947	5	0
2515	5	0
7407	6	0
5920	5	0
2899	6	0
5450	6	0
6071	7	0
662	5	0
4686	6	0
9544	6	0
3892	7	0
5639	6	0
1694	7	0
2252	7	0
6784	8	0
6475	4	0
4941	5	0
7289	5	0
7364	6	0
5196	5	0
3903	6	1
168	6	0
765	7	0
9742	5	0
7675	6	0
7415	6	0
3078	7	0
6534	6	0
2801	7	0
6086	7	0
9547	8	0
9871	5	6
5677	6	0
6268	6	0
4198	7	0
5373	6	0
5766	7	0
6581	7	0
1390	8	0
2517	6	0
2172	7	0
7720	7	0
3719	8	1
521	7	0
8597	8	0
1903	8	0
8323	9	0
4414	4	0
6562	5	0
2870	5	0
4758	6	0
4157	5	0
7354	6	0
9719	6	0
8810	7	0
2929	5	0
2851	6	0
616	6	0
6303	7	0
110	6	0
5915	7	0
8185	7	0
242	8	0
6570	5	0
2680	6	0
3813	6	0
691	7	0
3581	6	0
4451	7	0
2351	7	0
7795	8	0
5684	6	0
4511	7	0
5161	7	0
3262	8	0
2390	7	0
7677	8	0
1276	8	0
9108	9	0
237	5	0
6559	6	0
8512	6	3
8164	7	1
3784	6	0
356	7	0
4774	7	0
2081	8	0
1191	6	0
3537	7	0
5444	7	0
1638	8	1
7485	7	0
5571	8	0
6594	8	0
8506	9	0
6057	6	0
4851	7	0
296	7	0
175	8	0
8770	7	1
9849	8	1
5553	8	0
3505	9	0
1167	7	0
8032	8	0
5600	8	0
6125	9	0
6449	8	0
3610	9	0
965	9	0
1271	10	0
8214	3	0
8148	4	0
4405	4	0
905	5	0
1541	4	0
6414	5	0
8489	5	0
4597	6	0
6526	4	0
9954	5	0
6591	5	0
1100	6	0
7201	5	0
5602	6	0
2437	6	0
6255	7	0
2466	4	0
1258	5	0
9252	5	0
8474	6	0
7661	5	4
3230	6	0
533	6	0
1644	7	0
8103	5	0
7736	6	0
3797	6	0
4741	7	0
8096	6	0
6743	7	0
5224	7	0
3700	8	0
4387	4	0
9341	5	0
9183	5	0
5105	6	0
1719	5	0
4094	6	0
9495	6	0
4822	7	0
2614	5	0
8587	6	0
7221	6	0
4532	7	0
6795	6	0
265	7	0
1161	7	1
4362	8	1
9320	5	0
7922	6	0
8945	6	0
176	7	0
2220	6	0
5894	7	0
7190	7	0
8166	8	0
8500	6	0
2238	7	0
1033	7	0
1347	8	0
4127	7	0
4351	8	0
2686	8	0
3250	9	0
5384	4	0
673	5	0
6025	5	0
460	6	0
8675	5	0
4720	6	0
2136	6	0
8133	7	0
264	5	0
6697	6	0
9943	6	0
787	7	0
4394	6	0
8828	7	0
5844	7	0
3963	8	0
8116	5	0
1806	6	0
4162	6	0
729	7	0
6051	6	0
2079	7	0
6547	7	0
6590	8	0
444	6	0
2304	7	0
6202	7	0
9050	8	0
9577	7	0
8275	8	0
1697	8	0
6641	9	0
963	5	0
4278	6	0
4762	6	0
3320	7	0
4291	6	39
2965	7	0
9047	7	0
3918	8	0
9659	6	0
5811	7	0
2420	7	0
7991	8	0
6917	7	0
224	8	0
4545	8	0
1416	9	0
9397	6	0
6488	7	0
8488	7	0
3314	8	0
7211	7	0
395	8	0
4344	8	0
5721	9	0
9843	7	0
577	8	0
1867	8	0
246	9	0
7058	8	0
2016	9	0
2418	9	0
9406	10	0
6811	4	0
9038	5	0
2327	5	0
4407	6	0
5853	5	0
6527	6	0
1539	6	0
1604	7	2
2941	5	0
7577	6	0
2985	6	0
6730	7	0
8130	6	0
5229	7	0
7521	7	0
6478	8	0
1204	5	0
6467	6	0
9822	6	0
4654	7	0
8900	6	0
5435	7	0
2467	7	0
935	8	0
3080	6	0
4246	7	0
2269	7	0
6653	8	0
9934	7	0
5503	8	0
3809	8	0
306	9	0
849	5	0
9578	6	0
290	6	0
6895	7	0
2458	6	0
9416	7	0
3717	7	0
6140	8	0
7173	6	0
9377	7	0
4480	7	0
6956	8	0
1571	7	0
8725	8	0
6546	8	0
9084	9	0
3495	6	0
7786	7	0
3759	7	0
9491	8	0
7471	7	0
9731	8	0
4747	8	0
8299	9	0
3041	7	0
1967	8	0
1312	8	0
6042	9	0
3221	8	0
806	9	0
6587	9	0
6421	10	0
4080	5	0
3587	6	0
1128	6	0
5303	7	0
5923	6	0
512	7	0
8607	7	0
6921	8	0
3935	6	0
8228	7	0
7872	7	0
1945	8	0
5888	7	0
9837	8	0
9170	8	0
8410	9	0
2915	6	0
7896	7	0
6964	7	0
1186	8	0
7014	7	0
2691	8	2
5932	8	0
9287	9	0
9380	7	1
8977	8	0
1426	8	3
9827	9	0
7599	8	0
9605	9	0
7483	9	0
8378	10	0
189	6	0
4850	7	0
5416	7	0
9554	8	0
2962	7	0
6564	8	0
1793	8	0
9101	9	0
7538	7	1
998	8	0
568	8	0
9656	9	0
8472	8	0
8892	9	0
8073	9	0
2485	10	0
3715	7	0
2824	8	0
58	8	0
9285	9	2
4254	8	0
344	9	0
9909	9	0
1595	10	0
6307	8	0
8703	9	0
1254	9	0
3225	10	0
6719	9	0
4853	10	0
6196	10	1
8402	11	0
3317	3	0
1561	4	0
5900	4	0
7880	5	0
5698	4	0
1354	5	0
5852	5	0
8873	6	0
4225	4	0
5279	5	0
3768	5	0
3190	6	0
6081	5	0
4986	6	0
5147	6	0
2526	7	0
1981	4	0
5586	5	0
1287	5	0
6055	6	0
9872	5	0
4620	6	0
4009	6	0
5122	7	0
9104	5	0
2742	6	0
9512	6	0
1086	7	0
7475	6	0
1555	7	0
9331	7	0
8781	8	0
5792	4	0
3091	5	0
3224	5	0
1684	6	0
5841	5	0
4724	6	0
1509	6	0
4767	7	0
4108	5	0
1567	6	2
8463	6	0
583	7	0
9890	6	0
273	7	6
5337	7	0
5005	8	0
1995	5	0
2846	6	0
2130	6	0
4978	7	0
2716	6	0
7025	7	0
3687	7	0
7982	8	0
9133	6	0
3148	7	0
3168	7	0
2282	8	0
7965	7	0
9560	8	0
86	8	0
3417	9	0
9942	4	0
4475	5	0
8674	5	0
8022	6	0
7076	5	0
3289	6	0
3928	6	0
7532	7	0
4683	5	0
7226	6	0
4159	6	0
6503	7	0
8282	6	0
6778	7	0
5451	7	0
3848	8	0
2499	5	0
5695	6	0
9249	6	0
9852	7	0
6571	6	0
8616	7	0
9454	7	0
5855	8	0
638	6	0
205	7	0
6327	7	0
6104	8	0
2649	7	0
3345	8	0
8756	8	0
7442	9	0
982	5	0
817	6	0
7549	6	0
802	7	0
5567	6	0
4929	7	0
1726	7	0
2694	8	0
2054	6	0
6600	7	0
2483	7	0
4311	8	0
2112	7	0
8119	8	0
8330	8	0
9670	9	0
5486	6	0
911	7	0
3672	7	0
4325	8	0
7063	7	0
3575	8	0
8964	8	0
5324	9	0
3466	7	0
8838	8	0
1880	8	0
923	9	0
6903	8	0
8981	9	0
7876	9	0
6392	10	0
1851	4	0
4132	5	0
8863	5	0
1848	6	0
9312	5	0
3938	6	0
1813	6	0
7799	7	0
2560	5	0
6736	6	0
4900	6	0
2454	7	0
8832	6	0
7562	7	0
9585	7	0
3202	8	0
4695	5	0
1946	6	0
1507	6	0
9960	7	0
9309	6	0
2809	7	0
3395	7	0
8181	8	0
8221	6	0
3204	7	0
9730	7	0
8411	8	0
5148	7	0
8349	8	0
2782	8	0
2174	9	0
2910	5	0
2833	6	0
9504	6	0
5781	7	0
4604	6	0
7870	7	0
6337	7	0
3798	8	0
9078	6	0
7152	7	0
3923	7	1
7863	8	1
3346	7	0
2450	8	0
283	8	0
561	9	0
814	6	0
5574	7	0
644	7	4
8101	8	0
5153	7	1
5541	8	0
6714	8	0
5200	9	0
3690	7	0
2957	8	0
3526	8	0
9635	9	0
7948	8	0
5128	9	0
612	9	0
3774	10	1
7358	5	0
7987	6	0
9240	6	0
9610	7	0
2353	6	0
7090	7	0
8404	7	0
7390	8	0
7089	6	0
6066	7	0
3025	7	0
8554	8	0
9164	7	0
7699	8	0
430	8	0
6533	9	0
4482	6	0
1305	7	0
74	7	0
6841	8	0
9193	7	0
4540	8	0
9562	8	0
7567	9	0
6276	7	0
7373	8	2
7258	8	0
493	9	0
1049	8	0
3685	9	0
690	9	0
9356	10	0
9569	6	0
6882	7	0
2371	7	0
6410	8	0
3270	7	3
6181	8	0
8591	8	0
506	9	0
2939	7	0
6099	8	0
340	8	0
1636	9	0
2456	8	0
5080	9	0
3571	9	0
6943	10	0
5856	7	0
2425	8	0
7051	8	0
2065	9	0
9622	8	0
9144	9	0
3254	9	0
9914	10	0
9333	8	1
5210	9	0
3349	9	0
2907	10	0
6160	9	0
4933	10	0
9759	10	0
3422	11	0
5566	4	0
8571	5	0
872	5	0
882	6	0
4990	5	0
6945	6	0
2583	6	0
9900	7	0
4917	5	0
8846	6	0
7113	6	0
9549	7	0
5342	6	0
4400	7	0
4768	7	0
1999	8	0
9607	5	0
4944	6	0
9781	6	0
1916	7	0
7401	6	0
2259	7	0
8736	7	0
1772	8	0
7003	6	0
796	7	0
7059	7	0
297	8	0
8335	7	0
7512	8	0
5642	8	0
868	9	0
6833	5	0
7911	6	0
9790	6	0
5272	7	0
5299	6	0
5133	7	0
809	7	0
8980	8	0
4752	6	0
7122	7	0
3381	7	0
7545	8	0
6931	7	0
611	8	0
7357	8	0
1430	9	0
8469	6	0
9364	7	0
2254	7	0
8142	8	0
9305	7	0
3055	8	0
9767	8	0
5155	9	2
8198	7	0
4341	8	0
9892	8	0
4892	9	0
9329	8	0
8038	9	0
6769	9	0
7264	10	0
8080	5	0
7928	6	0
3884	6	0
1881	7	0
3881	6	0
51	7	0
6420	7	0
5911	8	0
1278	6	0
9819	7	0
8562	7	0
5822	8	0
7085	7	0
2594	8	0
4302	8	0
8201	9	0
8851	6	0
9088	7	0
9089	7	0
6032	8	0
8387	7	0
6596	8	0
2028	8	0
3673	9	0
7324	7	0
84	8	0
338	8	0
7388	9	0
8078	8	0
2113	9	0
6028	9	0
1782	10	0
2393	6	0
3588	7	0
2975	7	0
2559	8	0
4029	7	0
7703	8	0
6479	8	0
4791	9	0
142	7	0
4491	8	2
6901	8	0
7533	9	0
2905	8	0
8040	9	0
2090	9	0
9556	10	0
3434	7	0
3194	8	0
4732	8	0
972	9	0
5745	8	0
8578	9	0
4439	9	0
7140	10	0
7510	8	0
6532	9	0
2892	9	0
990	10	0
1544	9	0
2402	10	0
7049	10	0
9270	11	0
334	5	0
1850	6	0
7000	6	0
115	7	0
2658	6	0
7056	7	0
6224	7	0
1080	8	0
4949	6	0
3327	7	0
7742	7	0
9677	8	0
8326	7	0
7619	8	0
4938	8	0
7497	9	0
1607	6	0
6731	7	0
9941	7	0
9211	8	0
3399	7	0
3093	8	0
7609	8	0
9362	9	0
1937	7	0
7630	8	0
4502	8	0
6575	9	0
5807	8	0
5323	9	0
9983	9	0
7362	10	0
3216	6	0
1816	7	0
4932	7	0
1923	8	0
3104	7	0
6444	8	0
6263	8	0
38	9	0
5759	7	0
9422	8	0
1304	8	0
8128	9	0
1010	8	0
874	9	0
6438	9	0
2776	10	0
1709	7	0
6333	8	0
1245	8	0
1528	9	0
4693	8	0
2973	9	0
2441	9	0
5038	10	0
9292	8	0
1327	9	0
2305	9	0
3976	10	0
4224	9	2
8300	10	0
6026	10	0
7370	11	0
2989	6	0
1081	7	0
2813	7	0
9012	8	0
7186	7	0
4122	8	0
8210	8	0
912	9	0
4663	7	0
3622	8	0
3342	8	0
8177	9	0
8553	8	0
7735	9	0
3382	9	0
5846	10	0
918	7	0
9867	8	0
4921	8	0
6803	9	0
8108	8	0
7766	9	0
298	9	0
8602	10	0
2178	8	0
7325	9	0
3732	9	0
181	10	0
8264	9	0
5353	10	0
5644	10	0
7110	11	0
9395	7	0
2878	8	0
8991	8	0
1337	9	0
5700	8	0
3882	9	0
7800	9	0
7970	10	0
79	8	0
6332	9	0
5462	9	0
7251	10	0
7026	9	0
7297	10	0
1048	10	2
566	11	0
9728	8	6
4085	9	0
3641	9	0
3004	10	0
8383	9	0
7579	10	0
3501	10	0
7981	11	0
3957	9	0
376	10	0
7474	10	0
1150	11	0
1408	10	2
5126	11	0
7536	11	0
7143	12	0
9334	3	0
2738	4	0
1444	4	0
4354	5	0
7583	4	0
4687	5	0
116	5	0
3011	6	0
1113	4	0
6880	5	0
8082	5	0
4130	6	0
5489	5	0
7271	6	0
994	6	0
3820	7	0
8985	4	0
1781	5	0
7336	5	0
5518	6	0
9652	5	0
9443	6	0
792	6	1
5628	7	0
4644	5	0
7509	6	0
9264	6	0
5522	7	0
5840	6	0
7145	7	0
1484	7	0
7160	8	0
9883	4	0
6236	5	0
5655	5	0
4023	6	0
8696	5	0
5268	6	0
5601	6	0
6553	7	0
3223	5	0
7716	6	0
1565	6	0
2241	7	0
3585	6	0
2210	7	0
3553	7	0
4872	8	0
6501	5	0
3513	6	0
2181	6	0
5939	7	0
9801	6	0
8256	7	0
6492	7	0
6118	8	0
3556	6	0
4429	7	0
897	7	0
5292	8	0
1157	7	0
4418	8	0
9123	8	0
6279	9	0
5979	4	0
5509	5	0
5267	5	0
3877	6	0
2710	5	0
3102	6	0
1068	6	0
9230	7	0
7162	5	0
6442	6	0
6233	6	0
4882	7	0
3647	6	0
9041	7	0
3566	7	0
2765	8	2
3057	5	0
1103	6	0
6763	6	0
7062	7	0
9391	6	0
3520	7	0
9747	7	0
8874	8	0
5544	6	0
9501	7	0
259	7	0
1963	8	0
8242	7	0
9136	8	0
1320	8	0
3051	9	0
8314	5	0
5293	6	0
9086	6	0
6670	7	0
4218	6	0
723	7	0
8247	7	0
966	8	0
4586	6	0
1859	7	0
5988	7	0
9403	8	0
6691	7	0
7500	8	0
2582	8	0
7381	9	0
4197	6	0
4257	7	0
6345	7	0
8505	8	0
1405	7	0
3435	8	0
8285	8	0
6999	9	0
7841	7	0
7606	8	0
893	8	0
5705	9	0
5729	8	0
8194	9	0
1418	9	0
6325	10	0
8618	4	0
839	5	0
5992	5	0
1490	6	0
9389	5	0
4377	6	0
4913	6	0
7368	7	0
609	5	0
1235	6	0
5023	6	0
5660	7	0
9278	6	0
1543	7	0
3944	7	0
2408	8	0
667	5	0
3281	6	0
4718	6	0
42	7	0
6281	6	0
8615	7	0
5101	7	0
4614	8	0
1228	6	0
2024	7	0
3688	7	0
3525	8	0
1378	7	0
2105	8	0
7018	8	0
5358	9	0
452	5	0
9128	6	0
4047	6	0
6092	7	0
3741	6	0
1184	7	0
5752	7	0
1110	8	0
9219	6	0
4567	7	0
3375	7	0
87	8	0
1112	7	0
2891	8	0
4651	8	0
835	9	0
1393	6	0
2625	7	0
2401	7	0
8811	8	2
5119	7	0
3853	8	0
9741	8	0
6944	9	1
6274	7	0
9172	8	0
5654	8	0
192	9	0
3793	8	0
5824	9	0
9378	9	0
7238	10	0
6914	5	0
9450	6	0
6658	6	0
7768	7	0
3667	6	0
6768	7	0
2592	7	0
6505	8	0
8319	6	0
3916	7	0
6791	7	0
4696	8	0
4380	7	0
1861	8	0
5686	8	0
2223	9	0
9505	6	0
2884	7	0
660	7	0
7547	8	0
2788	7	2
4298	8	0
6216	8	0
7827	9	0
7548	7	0
2752	8	0
4442	8	0
2778	9	0
8949	8	0
7785	9	0
5255	9	0
3507	10	0
2093	6	0
2888	7	0
1628	7	0
2722	8	0
6836	7	0
8921	8	0
8631	8	0
3595	9	0
5341	7	0
3362	8	0
6432	8	0
962	9	0
6996	8	0
5057	9	0
3172	9	0
204	10	0
1422	7	0
5487	8	0
5808	8	0
7977	9	0
8629	8	0
6643	9	0
5750	9	0
6953	10	0
9636	8	0
5969	9	0
6715	9	0
9138	10	0
1307	9	0
2253	10	0
4689	10	0
6346	11	0
5993	4	0
8281	5	0
162	5	0
3915	6	0
7121	5	0
2446	6	0
6244	6	0
7595	7	0
9132	5	0
2828	6	0
7088	6	0
2542	7	0
657	6	0
8277	7	0
5682	7	0
6372	8	0
9159	5	0
8086	6	1
7605	6	0
500	7	0
3849	6	0
8456	7	0
4477	7	0
3678	8	0
4841	6	0
9127	7	0
2882	7	0
2735	8	0
3256	7	0
4154	8	0
5659	8	0
3059	9	0
6484	5	0
3173	6	0
8273	6	0
361	7	0
6338	6	0
8950	7	0
7569	7	0
1211	8	0
8121	6	0
4413	7	0
4055	7	0
4848	8	0
6611	7	0
5646	8	0
6106	8	0
6250	9	0
7544	6	0
4706	7	0
433	7	0
5415	8	0
891	7	0
6458	8	0
5871	8	0
6262	9	4
4105	7	0
8530	8	0
9281	8	0
553	9	0
5379	8	0
6201	9	0
2547	9	0
9071	10	0
4078	5	0
1251	6	0
4926	6	0
2164	7	0
6642	6	0
2410	7	0
2548	7	0
3386	8	0
2717	6	0
6128	7	0
7139	7	0
969	8	0
7133	7	0
5690	8	0
9192	8	0
5239	9	0
3263	6	0
4750	7	0
9207	7	0
8534	8	0
4868	7	0
5633	8	0
8579	8	0
5002	9	0
5866	7	4
1482	8	0
2881	8	0
9806	9	0
3838	8	0
2391	9	0
3850	9	0
7826	10	0
8405	6	0
2531	7	0
8718	7	0
4678	8	0
6367	7	0
2196	8	0
8970	8	0
2278	9	0
9678	7	0
6578	8	0
3364	8	0
997	9	0
7233	8	0
3370	9	0
7086	9	0
2224	10	0
4998	7	0
6146	8	0
3527	8	0
6805	9	0
4002	8	0
5817	9	0
4625	9	0
174	10	0
6813	8	0
1943	9	0
228	9	0
3889	10	0
9689	9	0
3129	10	0
2539	10	0
8557	11	0
679	5	0
2038	6	0
676	6	0
2647	7	0
3414	6	0
6197	7	0
2144	7	0
4030	8	0
1635	6	0
2047	7	0
1651	7	0
7252	8	0
1703	7	0
5433	8	0
2718	8	0
9105	9	0
2687	6	0
7039	7	0
6245	7	0
9156	8	0
8058	7	0
8367	8	0
1976	8	0
860	9	0
6551	7	0
940	8	1
1142	8	0
3698	9	0
6002	8	0
6667	9	0
7812	9	0
5664	10	0
4888	6	0
6034	7	0
5809	7	0
8755	8	1
617	7	1
1815	8	1
2087	8	0
9808	9	1
7598	7	0
4535	8	0
5365	8	0
7037	9	0
3651	8	0
4907	9	0
9115	9	0
4305	10	1
9124	7	0
633	8	0
4285	8	0
1686	9	0
4186	8	0
8059	9	0
9809	9	0
8253	10	0
4052	8	0
3720	9	0
7115	9	0
1634	10	0
171	9	0
6369	10	0
4229	10	0
2156	11	0
2153	6	0
2048	7	0
7262	7	0
8049	8	0
8988	7	0
4814	8	0
3535	8	0
9479	9	0
7874	7	0
7318	8	0
8321	8	0
5327	9	0
875	8	0
1906	9	0
4184	9	0
7052	10	0
4799	7	0
909	8	0
925	8	0
2091	9	0
9057	8	0
2867	9	0
8246	9	0
5826	10	0
5835	8	23
1643	9	1
5090	9	0
3746	10	0
3218	9	1
1284	10	1
1698	10	0
2126	11	1
7764	7	0
3747	8	0
3594	8	0
3781	9	0
475	8	0
5983	9	0
2593	9	0
140	10	0
316	8	2
7436	9	0
135	9	0
7482	10	0
1028	9	0
7713	10	1
3090	10	1
2476	11	1
6831	8	0
4424	9	1
2158	9	1
902	10	2
9286	9	0
3702	10	0
8494	10	0
4539	11	0
5583	9	0
7823	10	0
4641	10	0
6772	11	0
4736	10	0
678	11	0
4950	11	2
2484	12	3
9097	4	0
5948	5	0
1462	5	0
4858	6	0
9840	5	0
8827	6	0
5999	6	0
4914	7	0
8891	5	0
1520	6	0
1121	6	0
585	7	0
6856	6	0
2092	7	0
2861	7	0
7241	8	1
1190	5	0
1469	6	0
8600	6	0
8236	7	0
6123	6	1
4286	7	1
4668	7	0
5031	8	0
908	6	0
3676	7	0
2783	7	0
7718	8	0
2058	7	0
5949	8	0
1199	8	0
1424	9	5
4725	5	0
9	6	0
3412	6	0
9833	7	0
10	6	1
8432	7	0
1264	7	0
2428	8	0
2308	6	0
5785	7	0
2836	7	1
9959	8	0
1479	7	0
1924	8	1
2142	8	0
4464	9	1
3811	6	0
3050	7	0
5525	7	0
5495	8	0
7237	7	0
8005	8	0
5937	8	0
7108	9	0
1200	7	0
1600	8	0
7712	8	1
7542	9	0
3863	8	0
565	9	0
4776	9	0
5921	10	0
1956	5	0
1374	6	0
8287	6	0
2615	7	0
3764	6	0
1223	7	0
1046	7	0
5485	8	0
24	6	0
2563	7	0
4973	7	0
9667	8	0
1820	7	0
415	8	1
9351	8	0
3579	9	0
6321	6	0
2815	7	3
309	7	0
9812	8	0
9598	7	0
3650	8	0
4554	8	0
8338	9	0
5968	7	0
589	8	0
5009	8	0
7462	9	0
5296	8	0
899	9	0
3084	9	0
8586	10	0
7892	6	0
102	7	0
4490	7	0
2180	8	0
6507	7	0
5741	8	0
1515	8	0
7095	9	0
4642	7	0
6209	8	0
5484	8	0
6131	9	0
1812	8	0
742	9	0
7346	9	0
2366	10	1
522	7	0
9113	8	0
12	8	0
7349	9	0
7886	8	0
1939	9	0
7909	9	0
6861	10	0
6597	8	0
9748	9	0
4241	9	0
9076	10	0
9455	9	0
1887	10	0
8931	10	0
7893	11	0
4390	5	0
698	6	0
61	6	0
9830	7	0
5445	6	0
6235	7	0
4710	7	0
6709	8	1
5078	6	0
2798	7	1
9690	7	0
7807	8	0
8633	7	0
9040	8	1
3453	8	0
6859	9	0
1156	6	0
2472	7	0
1216	7	0
4563	8	0
1185	7	0
6046	8	1
634	8	0
6074	9	0
5436	7	0
9031	8	0
7584	8	0
4831	9	1
2385	8	0
7440	9	0
9961	9	0
7167	10	0
5595	6	0
3184	7	0
2913	7	0
9705	8	0
8657	7	0
5857	8	0
6295	8	0
4386	9	0
9370	7	0
9509	8	0
7268	8	0
8193	9	0
3565	8	1
3558	9	0
5828	9	0
1629	10	0
4582	7	0
72	8	0
2794	8	0
4660	9	0
780	8	0
4423	9	0
9687	9	0
1964	10	0
5311	8	0
1397	9	0
1467	9	0
1421	10	0
7208	9	0
70	10	2
6759	10	1
1762	11	1
5618	6	1
2926	7	1
1364	7	0
7443	8	0
1780	7	0
8048	8	0
2276	8	0
3220	9	0
4263	7	0
394	8	0
7126	8	0
5004	9	0
3541	8	0
2427	9	1
7437	9	0
6460	10	0
1914	7	0
3388	8	0
4810	8	0
793	9	0
7352	8	0
8118	9	0
2725	9	0
9405	10	0
2490	8	0
7489	9	0
2459	9	0
6065	10	0
6352	9	0
6063	10	0
2902	10	0
5447	11	0
7066	7	1
1800	8	0
9338	8	0
1373	9	0
8537	8	0
9444	9	0
4443	9	0
2438	10	3
6087	8	0
3351	9	0
3832	9	0
8574	10	0
3405	9	0
7918	10	0
4922	10	0
9020	11	1
1845	8	0
7382	9	0
1810	9	0
3273	10	0
8370	9	0
5658	10	0
956	10	0
6493	11	1
931	9	0
2074	10	0
8044	10	0
7044	11	0
5763	10	0
9869	11	0
9411	11	0
5769	12	0
8138	5	0
6868	6	0
2400	6	0
1852	7	0
2111	6	0
9844	7	0
5823	7	0
9310	8	0
3162	6	3
9985	7	0
7615	7	0
7130	8	0
4068	7	0
6621	8	0
9429	8	0
4667	9	0
5453	6	0
8711	7	0
5827	7	0
8296	8	0
5171	7	0
6529	8	1
1701	8	0
5104	9	0
5517	7	0
6133	8	0
5025	8	0
9508	9	0
1071	8	0
1904	9	0
2436	9	0
546	10	0
2086	6	0
3353	7	0
4277	7	0
2154	8	0
4169	7	0
1949	8	0
948	8	0
843	9	0
6082	7	0
9958	8	0
4518	8	0
505	9	0
5704	8	0
700	9	0
7385	9	0
4924	10	0
7200	7	0
3199	8	0
3660	8	0
6311	9	0
9826	8	0
3779	9	0
5226	9	0
3144	10	0
9330	8	0
3248	9	0
411	9	0
3036	10	0
3958	9	0
453	10	1
826	10	0
6554	11	0
2621	6	0
1889	7	0
6589	7	0
2244	8	0
1062	7	0
8580	8	0
2434	8	0
7286	9	0
8041	7	0
8960	8	0
3391	8	0
8284	9	0
3605	8	0
3966	9	0
8734	9	0
2768	10	0
1394	7	0
8678	8	0
3266	8	0
7232	9	0
1309	8	0
7212	9	0
3232	9	0
8257	10	0
1641	8	0
5933	9	0
2121	9	0
7565	10	4
7994	9	0
5181	10	0
2817	10	0
5854	11	0
797	7	0
9246	8	0
9868	8	0
9319	9	0
3367	8	0
3891	9	0
263	9	0
9066	10	0
2030	8	0
7118	9	0
9568	9	0
6047	10	0
7035	9	0
7743	10	0
1731	10	0
6430	11	0
788	8	0
8835	9	0
3865	9	0
1874	10	0
1586	9	0
8702	10	0
5369	10	0
5124	11	0
7312	9	0
5838	10	0
680	10	0
8850	11	0
261	10	0
8732	11	0
9816	11	0
4788	12	0
1201	6	0
2963	7	0
8601	7	0
2943	8	0
2170	7	0
7560	8	0
3143	8	0
614	9	0
9489	7	0
7753	8	0
7566	8	0
4506	9	0
2811	8	0
777	9	0
6802	9	0
3141	10	0
4020	7	0
1159	8	0
2589	8	0
3131	9	0
88	8	0
1360	9	0
4865	9	0
4471	10	0
5868	8	0
7339	9	0
5276	9	0
2494	10	0
5543	9	0
4306	10	0
4155	10	0
1372	11	0
9876	7	0
2376	8	0
5499	8	0
1770	9	0
7846	8	0
124	9	0
5193	9	0
2270	10	0
4903	8	0
6316	9	0
9695	9	0
128	10	0
1716	9	0
5138	10	0
8510	10	0
2588	11	0
2183	8	0
9606	9	0
727	9	0
7490	10	0
6362	9	0
6510	10	0
8403	10	0
4912	11	0
1936	9	0
603	10	0
7954	10	0
967	11	0
2912	10	1
9994	11	2
8680	11	1
4765	12	0
3624	7	0
6779	8	0
1075	8	0
3712	9	0
8636	8	0
4550	9	0
2464	9	0
3804	10	0
2347	8	0
840	9	0
9648	9	0
4629	10	0
4164	9	0
759	10	0
6583	10	0
4463	11	0
3807	8	0
1849	9	0
4265	9	0
1516	10	0
9842	9	0
8366	10	0
8098	10	0
80	11	0
8956	9	0
981	10	0
3823	10	0
6397	11	0
6328	10	0
8245	11	0
1356	11	0
6848	12	0
1753	8	2
6620	9	0
6644	9	0
5794	10	0
5062	9	0
3274	10	0
2522	10	0
2367	11	0
4679	9	0
9724	10	0
8903	10	0
4675	11	0
6889	10	0
6228	11	0
3701	11	0
3079	12	0
6883	9	0
2041	10	0
2360	10	0
8134	11	0
8283	10	0
1497	11	0
9074	11	0
3310	12	0
223	10	0
9244	11	0
7169	11	0
7869	12	0
7895	11	0
6933	12	0
4520	12	0
853	13	1
2637	2	0
9499	3	4
3752	3	0
3137	4	0
2310	3	0
4266	4	0
1326	4	0
3875	5	0
4346	3	0
8952	4	0
1375	4	0
625	5	0
4955	4	1
8328	5	0
1680	5	0
4379	6	0
9295	3	0
7019	4	0
7270	4	0
3343	5	0
6448	4	0
1715	5	0
594	5	0
4664	6	0
9102	4	0
3069	5	0
2237	5	0
195	6	0
8773	5	0
2256	6	0
1434	6	0
7574	7	0
161	3	0
2008	4	0
5085	4	0
2554	5	0
7460	4	0
799	5	0
7119	5	0
9632	6	0
8028	4	0
8223	5	0
7610	5	0
6838	6	0
1240	5	0
1951	6	0
1106	6	0
9518	7	0
4071	4	0
2665	5	0
1367	5	0
1230	6	1
3787	5	0
9347	6	0
279	6	0
8272	7	0
3840	5	0
2674	6	0
751	6	0
5084	7	0
642	6	0
143	7	0
8433	7	0
4916	8	0
6310	3	0
6900	4	0
1400	4	0
2063	5	0
1085	4	0
8769	5	0
4547	5	1
7810	6	0
3739	4	0
2654	5	0
850	5	0
810	6	0
6277	5	0
462	6	0
1909	6	0
3777	7	0
9011	4	0
9412	5	0
7934	5	0
6064	6	0
9877	5	0
6905	6	0
3214	6	0
4650	7	0
8882	5	0
3883	6	0
1930	6	0
98	7	0
3635	6	0
4252	7	0
2104	7	0
8183	8	0
9373	4	0
4125	5	0
4566	5	0
9975	6	0
3302	5	0
4943	6	4
405	6	0
9726	7	0
3766	5	0
3639	6	0
9989	6	0
2558	7	0
1026	6	0
8667	7	0
9385	7	0
5219	8	0
2664	5	0
2010	6	0
9239	6	0
7784	7	0
9293	6	0
284	7	0
8224	7	0
389	8	0
477	6	0
8084	7	0
7374	7	0
6142	8	0
977	7	0
5130	8	0
7042	8	0
3420	9	0
9631	3	0
3035	4	0
8141	4	0
1794	5	0
6265	4	0
4674	5	0
7925	5	0
5065	6	0
2187	4	0
5028	5	0
2099	5	0
1480	6	0
7898	5	0
7561	6	0
3186	6	0
6004	7	0
249	4	0
7055	5	0
3045	5	0
6815	6	0
6072	5	0
2651	6	0
6892	6	0
4538	7	4
2607	5	0
1633	6	0
5121	6	0
7995	7	0
8717	6	0
3721	7	0
1222	7	0
9570	8	0
8942	4	0
6616	5	0
3269	5	0
5787	6	0
9109	5	0
3264	6	0
1165	6	0
2373	7	0
6035	5	0
2812	6	0
773	6	0
7830	7	0
68	6	0
6537	7	0
5408	7	0
8346	8	0
2094	5	0
5919	6	0
4247	6	0
3293	7	0
4088	6	0
4592	7	0
7077	7	0
3127	8	0
1433	6	0
8533	7	0
1004	7	0
6348	8	0
4007	7	0
8019	8	0
1013	8	0
5338	9	0
4280	4	0
3748	5	0
6030	5	0
1672	6	0
9017	5	0
9688	6	0
5149	6	0
4895	7	0
6163	5	0
7824	6	0
2986	6	0
6050	7	0
3061	6	0
9336	7	0
4596	7	0
3794	8	0
222	5	0
6700	6	0
3191	6	0
4397	7	0
4984	6	0
6068	7	0
2737	7	0
4497	8	0
8006	6	0
1653	7	0
4319	7	0
6027	8	0
7883	7	0
8927	8	0
6823	8	0
9814	9	0
6610	5	0
5286	6	0
1808	6	0
9557	7	0
1513	6	0
3087	7	0
4844	7	0
744	8	0
2103	6	0
7009	7	0
4343	7	0
5460	8	0
9141	7	0
2736	8	0
2345	8	0
8799	9	0
3773	6	0
1863	7	0
9540	7	0
6145	8	0
3407	7	0
2031	8	0
1409	8	0
3469	9	0
8634	7	0
2228	8	0
4290	8	0
3788	9	0
4974	8	0
4983	9	0
6001	9	0
9583	10	0
4780	3	0
652	4	0
8570	4	0
8613	5	0
139	4	0
4192	5	0
2381	5	0
629	6	0
7930	4	0
5616	5	0
2203	5	0
3531	6	0
2452	5	0
8376	6	0
3749	6	0
6415	7	0
8876	4	0
9062	5	0
423	5	0
1345	6	0
4623	5	0
7159	6	0
8979	6	0
8389	7	0
6960	5	0
6217	6	0
2208	6	0
3297	7	0
2302	6	0
1217	7	0
8184	7	0
815	8	0
8563	4	0
7674	5	0
7597	5	0
2842	6	0
5405	5	0
946	6	0
2521	6	0
5042	7	0
6651	5	0
7659	6	0
5273	6	0
5270	7	0
3893	6	0
8630	7	0
4918	7	0
9375	8	0
5282	5	0
1668	6	0
3139	6	0
8431	7	0
2298	6	0
8150	7	0
8371	7	0
9154	8	0
9526	6	0
5319	7	0
9445	7	0
709	8	0
5736	7	5
4755	8	0
2890	8	0
2035	9	0
1355	4	0
3655	5	0
9773	5	0
7998	6	0
155	5	0
3219	6	0
2520	6	0
3509	7	0
1256	5	0
7682	6	0
8315	6	0
5863	7	0
8982	6	0
5047	7	0
2314	7	0
6936	8	0
1202	5	0
391	6	0
4976	6	0
3243	7	0
3432	6	0
4897	7	0
342	7	0
36	8	0
4702	6	0
3014	7	0
9343	7	0
2530	8	0
5889	7	0
4161	8	0
4961	8	0
2076	9	0
3097	5	0
8739	6	0
5188	6	0
9447	7	0
9034	6	0
3755	7	0
901	7	0
1997	8	0
8999	6	0
3576	7	0
2724	7	0
1953	8	0
1410	7	0
6121	8	0
1868	8	3
9215	9	0
2662	6	0
1739	7	0
6017	7	0
1757	8	0
529	7	0
8122	8	0
8871	8	0
7897	9	0
54	7	0
5632	8	0
1464	8	0
1101	9	0
5230	8	0
7507	9	0
7625	9	0
4041	10	0
8779	4	0
3933	5	0
400	5	0
9736	6	0
5251	5	0
1594	6	0
4794	6	0
2598	7	0
164	5	0
49	6	0
2536	6	0
7164	7	0
8298	6	0
8218	7	2
1527	7	0
6830	8	0
1795	5	0
1590	6	0
562	6	0
239	7	0
1532	6	0
9823	7	0
2758	7	0
5040	8	0
3140	6	0
8396	7	0
2632	7	0
1039	8	0
8866	7	0
9875	8	0
8836	8	0
1197	9	0
6663	5	2
6093	6	0
4605	6	0
7525	7	0
4099	6	0
2461	7	0
3006	7	0
126	8	0
6649	6	0
3081	7	0
8831	7	0
7366	8	0
980	7	0
4499	8	0
233	8	0
2832	9	0
6402	6	0
2323	7	0
3092	7	0
2993	8	0
4067	7	0
448	8	0
8730	8	0
703	9	0
109	7	0
8359	8	0
6100	8	0
1530	9	0
964	8	0
3870	9	0
3295	9	0
3542	10	0
1882	5	0
8124	6	0
7369	6	0
1034	7	0
5727	6	0
7290	7	0
560	7	0
5053	8	0
8211	6	0
924	7	0
2043	7	0
1206	8	0
157	7	0
4024	8	0
9621	8	0
7877	9	0
6049	6	0
8785	7	0
9651	7	0
4881	8	0
1799	7	0
6819	8	0
970	8	0
2922	9	0
3476	7	1
811	8	0
1289	8	0
3337	9	0
4072	8	0
6984	9	0
4828	9	0
1181	10	0
2933	6	0
9612	7	0
3744	7	0
8100	8	3
4643	7	0
9188	8	0
5208	8	0
8893	9	0
916	7	1
7074	8	0
3995	8	0
6989	9	0
5141	8	0
1398	9	1
3951	9	0
9301	10	0
8158	7	0
3596	8	0
6847	8	0
39	9	2
2541	8	0
1382	9	0
3802	9	0
677	10	0
3762	8	0
4336	9	0
310	9	0
6405	10	0
5842	9	0
5143	10	0
9718	10	1
1330	11	0
1055	3	0
6746	4	0
5589	4	0
2618	5	0
1786	4	0
7081	5	0
9056	5	0
248	6	0
3502	4	0
5291	5	0
4898	5	0
1835	6	0
7933	5	0
1478	6	0
4815	6	0
4803	7	0
8406	4	0
9709	5	0
6396	5	0
6215	6	0
2421	5	0
9019	6	2
6357	6	0
3024	7	0
4600	5	0
3067	6	0
4384	6	0
9780	7	0
3796	6	0
663	7	0
9077	7	0
2364	8	0
4090	4	0
3201	5	0
8206	5	0
9596	6	0
1313	5	0
8452	6	0
8023	6	0
8266	7	0
2204	5	0
5725	6	0
8741	6	0
9616	7	0
1875	6	0
5630	7	0
1837	7	0
4454	8	0
7043	5	0
4682	6	0
7555	6	0
401	7	0
2442	6	0
7303	7	0
9627	7	4
1791	8	0
7486	6	0
5624	7	0
5223	7	0
8954	8	0
5820	7	0
2850	8	0
245	8	0
5348	9	0
2330	4	0
9195	5	0
1619	5	0
5315	6	0
9935	5	0
2201	6	0
2057	6	0
9441	7	0
2168	5	0
3825	6	0
197	6	0
1302	7	0
1057	6	0
4766	7	0
8515	7	0
449	8	0
4612	5	0
7347	6	0
3500	6	0
3096	7	0
8466	6	0
2534	7	0
272	7	0
4360	8	0
4116	6	0
8241	7	0
7798	7	0
8309	8	0
5333	7	0
1661	8	0
2764	8	0
2797	9	0
332	5	0
3960	6	0
304	6	0
1212	7	2
4833	6	0
7073	7	0
8401	7	0
4801	8	0
7207	6	2
2880	7	0
2667	7	0
2597	8	0
5442	7	0
336	8	0
5347	8	0
6480	9	0
5010	6	0
8418	7	0
4504	7	0
5990	8	0
2406	7	0
9525	8	0
2652	8	0
5961	9	0
1645	7	0
8758	8	0
6538	8	0
3708	9	0
646	8	0
112	9	0
2416	9	0
2020	10	0
595	4	0
3786	5	0
3689	5	0
7491	6	0
1581	5	0
6203	6	0
2944	6	0
2429	7	0
3020	5	0
1655	6	0
3543	6	0
3120	7	0
7141	6	0
2896	7	0
4239	7	0
2286	8	0
3443	5	0
3504	6	0
3913	6	0
9727	7	0
2711	6	0
4885	7	0
7887	7	0
3617	8	0
8933	6	0
9413	7	0
7163	7	0
4167	8	0
9368	7	0
1369	8	0
9749	8	0
5731	9	0
953	5	0
6387	6	0
5377	6	0
884	7	0
3259	6	0
9117	7	0
496	7	0
8595	8	0
6770	6	0
4406	7	0
9253	7	0
9392	8	0
6379	7	0
4213	8	0
3169	8	0
613	9	0
1751	6	0
7969	7	0
1712	7	0
9769	8	0
1639	7	0
2528	8	0
5929	8	0
1044	9	0
9757	7	0
3814	8	0
8439	8	0
8348	9	0
4385	8	0
748	9	0
3467	9	0
3972	10	0
2772	5	0
1274	6	0
4450	6	0
9524	7	0
2875	6	0
503	7	0
6120	7	0
4228	8	0
9520	6	0
3852	7	0
8068	7	0
2750	8	0
6024	7	0
2501	8	0
4805	8	0
5440	9	0
6053	6	0
5079	7	0
8794	7	0
7604	8	0
5413	7	0
5634	8	0
5015	8	0
572	9	0
2628	7	0
6164	8	0
8422	8	0
9328	9	0
6840	8	0
5378	9	0
6962	9	0
7422	10	0
5154	6	0
7175	7	0
6577	7	0
3332	8	0
1272	7	0
5410	8	0
1357	8	0
4789	9	0
7522	7	0
7166	8	0
9710	8	0
3377	9	0
7	8	0
6810	9	5
1463	9	0
1452	10	0
8966	7	0
288	8	0
8612	8	0
3973	9	0
6020	8	0
1030	9	0
262	9	0
4337	10	0
9915	8	0
8584	9	0
6168	9	0
2587	10	0
1109	9	0
6760	10	0
6473	10	0
9107	11	0
8398	4	0
7224	5	0
2645	5	0
2578	6	0
2955	5	0
6137	6	0
3170	6	0
7668	7	0
1831	5	0
6356	6	0
4979	6	0
3843	7	0
3153	6	0
7017	7	0
4211	7	0
3730	8	0
3449	5	0
8391	6	0
645	6	0
2527	7	0
8935	6	0
4935	7	0
6227	7	0
9294	8	0
5893	6	0
5156	7	0
3410	7	0
7487	8	0
1683	7	0
6266	8	0
5640	8	0
7806	9	0
375	5	0
9185	6	0
5582	6	0
8917	7	0
5848	6	0
1210	7	0
7300	7	0
1002	8	0
5789	6	0
5710	7	0
5872	7	0
5362	8	0
9919	7	0
8375	8	0
7738	8	0
6698	9	0
4126	6	0
1213	7	0
1070	7	0
1614	8	0
4544	7	0
4473	8	0
6716	8	0
8905	9	0
7884	7	0
3074	8	0
6455	8	0
1007	9	0
2840	8	0
8460	9	0
7065	9	0
5114	10	0
6021	5	0
8267	6	0
8637	6	0
1474	7	0
6229	6	0
4437	7	0
5314	7	0
7976	8	0
5891	6	0
8151	7	0
2026	7	0
5783	8	0
4488	7	0
8986	8	0
2666	8	0
7687	9	0
4392	6	0
6745	7	0
4253	7	0
2819	8	0
9674	7	0
3937	8	0
9601	8	0
4210	9	0
9208	7	0
5497	8	0
1136	8	0
9483	9	0
8593	8	0
8867	9	0
4329	9	0
1298	10	0
241	6	0
9729	7	2
2999	7	0
4787	8	0
9022	7	0
7225	8	0
9793	8	0
7526	9	0
6767	7	0
7576	8	0
2480	8	0
8427	9	0
1006	8	0
4034	9	0
3580	9	0
8310	10	0
129	7	0
4954	8	0
6886	8	0
3276	9	0
4934	8	0
4635	9	0
5645	9	0
5706	10	0
9661	8	0
6426	9	0
3448	9	0
9751	10	0
1944	9	0
3713	10	0
7301	10	0
2642	11	0
5309	5	0
4648	6	0
5733	6	3
1377	7	0
7503	6	0
5310	7	0
2893	7	0
8749	8	0
450	6	0
1789	7	0
1864	7	0
7635	8	0
5336	7	0
7050	8	0
9045	8	0
5505	9	0
1986	6	0
7344	7	0
1738	7	0
4956	8	0
2976	7	0
434	8	0
5350	8	0
9118	9	0
2688	7	0
4425	8	0
3684	8	0
2595	9	0
8036	8	3
9873	9	0
5343	9	0
5431	10	0
7309	6	0
8569	7	1
2397	7	0
8025	8	0
4183	7	0
2039	8	0
1437	8	0
6737	9	0
2967	7	0
7694	8	0
291	8	0
2721	9	0
1589	8	0
2159	9	0
3931	9	0
1646	10	1
2336	7	0
6138	8	0
2161	8	0
8548	9	0
828	8	0
4096	9	0
5742	9	0
4639	10	0
9573	8	0
8085	9	0
6946	9	0
2802	10	0
7267	9	0
7731	10	1
6626	10	0
1926	11	0
8644	6	0
2613	7	0
6143	7	0
1127	8	0
8291	7	0
7833	8	0
1504	8	0
943	9	0
2122	7	0
9701	8	0
4657	8	0
5562	9	0
9668	8	0
3161	9	0
8887	9	0
3905	10	0
1797	7	0
1583	8	0
3582	8	0
438	9	0
5593	8	0
4373	9	0
275	9	0
886	10	0
4367	8	0
7291	9	0
3094	9	1
1458	10	0
2218	9	0
9553	10	0
153	10	0
4230	11	0
9269	7	0
9439	8	0
2497	8	0
3699	9	4
8261	8	0
6906	9	0
274	9	0
6764	10	0
4381	8	0
9065	9	0
4925	9	8
5106	10	0
2423	9	0
8737	10	0
1473	10	0
1325	11	0
2874	8	0
7131	9	0
5916	9	0
8231	10	0
5950	9	0
9604	10	0
4347	10	0
1901	11	0
3572	9	0
8171	10	0
4172	10	0
6297	11	0
3826	10	0
741	11	0
2197	11	0
7441	12	0
692	3	0
8334	4	0
7231	4	0
7704	5	0
4221	4	0
4316	5	0
7815	5	0
795	6	0
158	4	0
5072	5	0
5477	5	0
9534	6	0
5521	5	0
253	6	0
1934	6	0
2382	7	0
8408	4	0
937	5	0
292	5	1
7004	6	0
6934	5	0
7929	6	4
4212	6	0
4515	7	0
7411	5	0
836	6	0
6711	6	0
269	7	0
255	6	0
735	7	0
7287	7	0
7421	8	0
4093	4	0
293	5	0
9957	5	0
7155	6	0
1865	5	0
8984	6	0
9859	6	0
4796	7	0
4110	5	0
4143	6	0
13	6	0
8748	7	0
5832	6	0
4618	7	0
464	7	0
5237	8	0
658	5	0
7178	6	0
7033	6	0
1606	7	0
4616	6	0
8772	7	0
9699	7	0
5537	8	0
301	6	0
985	7	0
6896	7	0
4608	8	0
9706	7	0
7423	8	0
4945	8	0
4036	9	0
425	4	0
6891	5	0
8683	5	0
1268	6	0
6423	5	0
4050	6	0
643	6	0
9359	7	0
6634	5	0
5674	6	0
2216	6	0
3261	7	0
6932	6	1
1681	7	0
501	7	0
5235	8	0
1542	5	0
6851	6	0
9304	6	0
8136	7	0
4303	6	0
4617	7	0
4042	7	0
5814	8	0
5534	6	4
8226	7	0
6287	7	0
9644	8	0
5492	7	0
2222	8	0
4809	8	0
1351	9	0
5689	5	0
2060	6	0
776	6	0
8361	7	0
6928	6	0
9417	7	0
7285	7	0
5575	8	0
7608	6	0
2682	7	0
1335	7	0
6919	8	0
6364	7	0
8551	8	0
2119	8	0
8465	9	0
1263	6	0
5788	7	0
6579	7	0
2098	8	0
7321	7	0
9235	8	0
9899	8	0
6400	9	0
4684	7	0
2413	8	3
8575	8	0
2388	9	0
2324	8	0
879	9	0
9438	9	0
5075	10	0
7414	4	0
6000	5	0
8624	5	0
7171	6	0
7776	5	0
210	6	1
7885	6	0
9060	7	0
1510	5	0
7758	6	0
6073	6	0
2696	7	0
8269	6	0
9683	7	0
4756	7	0
511	8	0
6632	5	0
7114	6	0
6481	6	0
9468	7	0
3771	6	0
3599	7	0
9507	7	0
7096	8	0
999	6	0
5054	7	0
1017	7	0
6869	8	0
6	7	0
9234	8	0
8766	8	0
7817	9	0
1708	5	0
4410	6	0
5825	6	0
82	7	0
3277	6	0
5427	7	0
8423	7	0
3013	8	0
1460	6	0
838	7	0
2123	7	0
3384	8	0
1227	7	0
2227	8	0
1702	8	0
9233	9	0
949	6	0
5117	7	0
7571	7	0
6324	8	0
6465	7	0
7550	8	0
8260	8	0
8862	9	0
3726	7	0
5334	8	0
6141	8	0
7176	9	0
3118	8	0
7403	9	0
8289	9	0
8907	10	1
7727	5	0
7728	6	0
1679	6	0
588	7	0
2982	6	0
7708	7	0
9070	7	0
4607	8	0
8449	6	0
8369	7	0
56	7	0
600	8	0
232	7	0
7769	8	0
8137	8	0
7951	9	0
1042	6	0
7840	7	0
8961	7	0
3697	8	0
9737	7	0
4089	8	0
4722	8	0
403	9	0
863	7	0
267	8	0
3072	8	0
5364	9	18
1961	8	0
9901	9	0
8795	9	0
5176	10	0
2713	6	24
9277	7	3
8786	7	0
9446	8	0
2101	7	0
8240	8	0
6149	8	0
3088	9	0
8767	7	0
1124	8	0
9911	8	0
6022	9	0
995	8	0
2179	9	0
1470	9	0
2082	10	0
4338	7	0
6469	8	0
8808	8	0
8448	9	0
5683	8	0
4512	9	0
3626	9	0
2202	10	0
9590	8	1
2858	9	0
6213	9	0
6703	10	0
9986	9	0
9778	10	0
3205	10	0
7430	11	1
8778	4	0
4957	5	0
6520	5	0
4431	6	0
5629	5	0
1386	6	0
519	6	0
8895	7	0
1913	5	0
4849	6	0
1524	6	0
507	7	0
5837	6	0
2552	7	0
6776	7	0
5716	8	0
1830	5	0
7845	6	0
9396	6	0
6555	7	0
5285	6	0
2003	7	0
1132	7	0
768	8	0
4408	6	0
1000	7	0
1873	7	0
4507	8	6
3294	7	0
2951	8	0
2409	8	0
1428	9	1
3570	5	0
6309	6	0
7280	6	0
5784	7	0
734	6	0
8340	7	1
3499	7	0
8495	8	0
8923	6	0
5466	7	0
1193	7	0
5791	8	0
2723	7	0
3048	8	0
3997	8	0
7695	9	0
6376	6	0
8556	7	1
2821	7	0
6331	8	0
3486	7	0
9181	8	0
9571	8	0
9692	9	1
1176	7	0
4156	8	0
3156	8	0
2097	9	0
4951	8	4
6873	9	0
8566	9	0
1308	10	0
1796	5	0
2787	6	0
4565	6	0
5256	7	0
3016	6	0
6393	7	0
3851	7	0
6664	8	0
8050	6	0
5406	7	0
5515	7	0
1293	8	0
6320	7	0
8995	8	0
6412	8	0
5768	9	0
9898	6	0
812	7	0
4816	7	0
2226	8	0
486	7	0
390	8	0
9771	8	0
2148	9	0
7098	7	0
7480	8	0
9519	8	0
7825	9	0
3115	8	0
7104	9	0
9433	9	0
2604	10	0
2599	6	0
5211	7	0
4419	7	0
2537	8	0
952	7	0
944	8	0
466	8	0
4259	9	0
5614	7	0
11	8	0
3176	8	0
9517	9	0
3856	8	0
5100	9	0
437	9	0
75	10	0
3321	7	0
7476	8	0
7739	8	0
5702	9	0
704	8	0
3411	9	0
7215	9	0
3064	10	0
2493	8	0
725	9	0
6662	9	0
7808	10	0
7332	9	0
9979	10	0
9856	10	0
2950	11	3
6652	5	0
9558	6	0
2453	6	0
117	7	0
4536	6	0
5815	7	0
6371	7	0
218	8	0
888	6	0
123	7	0
1825	7	0
1573	8	0
8477	7	0
324	8	0
2961	8	0
3523	9	0
1257	6	3
4185	7	0
1627	7	0
2928	8	0
8842	7	0
4082	8	0
7204	8	0
4711	9	0
3454	7	0
1346	8	0
681	8	0
3956	9	0
1435	8	0
8111	9	0
3226	9	0
542	10	0
6817	6	0
5864	7	0
5354	7	0
6693	8	0
4295	7	0
5107	8	0
764	8	0
431	9	0
4980	7	0
6721	8	0
5356	8	0
4061	9	0
798	8	0
5051	9	0
4676	9	0
4834	10	0
1711	7	0
4510	8	0
7306	8	0
3043	9	0
4530	8	0
666	9	0
6456	9	0
2744	10	0
4249	8	0
26	9	0
4514	9	0
8924	10	0
7700	9	0
4890	10	0
4571	10	0
651	11	0
6656	6	0
2759	7	0
3991	7	3
186	8	0
5692	7	0
5158	8	0
8155	8	0
8888	9	0
7284	7	0
3646	8	0
4178	8	0
4180	9	0
6887	8	0
8555	9	0
7505	9	0
1162	10	0
7842	7	0
5778	8	0
1175	8	0
8360	9	0
4967	8	0
1747	9	0
6866	9	0
4014	10	0
9832	8	2
3670	9	0
6762	9	0
5387	10	0
3198	9	0
5906	10	1
6078	10	0
650	11	0
3111	7	0
2120	8	0
2895	8	0
429	9	4
5475	8	0
749	9	0
2731	9	0
5281	10	0
3508	8	2
523	9	0
7760	9	0
8691	10	0
9465	9	0
5172	10	0
8939	10	0
5930	11	0
6254	8	0
1195	9	0
526	9	0
919	10	40
9722	9	0
2509	10	0
7811	10	0
582	11	0
9490	9	1
4175	10	0
4894	10	0
1973	11	0
4288	10	0
6952	11	1
4215	11	3
1616	12	1
412	4	0
1886	5	4
8698	5	0
4101	6	0
5123	5	0
2769	6	0
1384	6	0
5304	7	0
3042	5	0
5340	6	0
3070	6	0
1824	7	0
2984	6	0
3829	7	0
8590	7	0
3265	8	0
6464	5	0
6044	6	0
4262	6	0
3180	7	0
4033	6	0
6898	7	1
4389	7	0
2293	8	0
647	6	0
7618	7	0
4217	7	0
7275	8	0
2322	7	0
5306	8	0
172	8	0
7967	9	0
1178	5	0
7269	6	0
1170	6	4
5563	7	0
7040	6	0
9428	7	0
5699	7	0
6750	8	0
3034	6	0
2232	7	0
8237	7	0
8470	8	0
9784	7	0
8805	8	0
108	8	0
6517	9	0
9453	6	0
7740	7	0
4688	7	0
8451	8	0
1280	7	0
5696	8	0
2332	8	0
820	9	0
2378	7	0
4194	8	0
7444	8	0
104	9	0
5796	8	0
4749	9	0
6171	9	0
3171	10	0
221	5	0
5164	6	0
7151	6	0
3002	7	0
6330	6	0
5275	7	0
5013	7	0
9779	8	0
9055	6	0
1756	7	0
640	7	0
5997	8	0
9750	7	0
5162	8	0
6497	8	0
9418	9	0
8324	6	0
4070	7	0
763	7	0
2523	8	0
8542	7	0
4166	8	0
5882	8	0
7757	9	0
7568	7	0
8853	8	0
1545	8	0
5351	9	0
2369	8	0
8910	9	0
7636	9	0
9655	10	0
138	6	0
8192	7	0
7060	7	0
2862	8	0
2693	7	0
5110	8	0
8490	8	0
3492	9	0
9469	7	0
816	8	0
5622	8	0
5321	9	0
5941	8	0
455	9	0
7600	9	0
5125	10	0
9002	7	0
5627	8	0
9765	8	0
421	9	0
7802	8	0
2432	9	0
3489	9	0
6187	10	0
2088	8	5
9708	9	0
1577	9	0
3390	10	0
185	9	0
7941	10	0
5681	10	0
5594	11	1
7796	5	0
6557	6	0
3642	6	0
9565	7	0
2580	6	0
3859	7	0
6090	7	3
1858	8	1
1714	6	0
822	7	0
6862	7	0
6416	8	0
559	7	0
9130	8	1
5649	8	0
8541	9	0
6070	6	0
579	7	0
6177	7	0
1919	8	0
8547	7	0
5041	8	0
215	8	0
5974	9	0
8381	7	0
674	8	0
5956	8	0
4583	9	0
8362	8	0
2068	9	0
7405	9	0
5570	10	0
3887	6	0
1339	7	0
4315	7	0
7852	8	0
4533	7	0
8726	8	0
5775	8	0
7406	9	0
2608	7	0
2430	8	0
2936	8	0
7150	9	0
9103	8	0
8270	9	0
2372	9	0
2900	10	0
7029	7	0
3361	8	0
8824	8	0
9703	9	0
3031	8	0
490	9	0
9248	9	0
5052	10	0
295	8	4
7710	9	0
4640	9	0
2916	10	0
7962	9	0
3555	10	0
5070	10	0
6843	11	0
9366	6	1
9566	7	0
2296	7	0
2814	8	0
930	7	0
6283	8	0
1803	8	0
3539	9	0
397	7	0
6878	8	0
5006	8	0
3475	9	0
9682	8	1
7008	9	0
6516	9	0
2627	10	0
8714	7	0
2673	8	0
3283	8	0
4738	9	0
8244	8	0
6186	9	0
358	9	0
9650	10	0
9014	8	0
6625	9	0
3398	9	0
4910	10	0
7219	9	0
2127	10	0
8179	10	0
5018	11	0
1723	7	0
7070	8	0
8021	8	0
2866	9	0
1224	8	0
7686	9	0
7919	9	0
867	10	0
3841	8	0
6671	9	0
9096	9	0
8169	10	0
152	9	0
9398	10	0
2780	10	0
1718	11	0
5430	8	0
5797	9	0
2790	9	0
3758	10	0
1285	9	0
7559	10	0
5751	10	0
955	11	0
7452	9	1
996	10	0
7971	10	0
5511	11	0
4102	10	0
6665	11	0
1900	11	0
8222	12	0
4753	5	0
5221	6	0
6366	6	0
9515	7	0
6922	6	0
3584	7	0
5372	7	0
1146	8	0
9018	6	0
2767	7	0
6708	7	0
7236	8	0
6041	7	0
7501	8	0
2553	8	0
7007	9	0
515	6	0
7737	7	0
8660	7	0
2235	8	0
6563	7	0
9010	8	0
4001	8	0
3369	9	0
1241	7	0
5774	8	0
971	8	0
7337	9	0
1631	8	0
5816	9	0
656	9	0
8693	10	0
6384	6	0
5212	7	0
9530	7	0
7580	8	0
894	7	0
7587	8	0
801	8	0
6451	9	0
3427	7	0
4182	8	0
7651	8	0
5284	9	0
4670	8	0
5404	9	0
5244	9	0
7671	10	0
8875	7	0
2426	8	0
1092	8	0
5585	9	0
675	8	0
9511	9	0
8325	9	0
9629	10	0
1376	8	0
848	9	0
1383	9	0
7418	10	1
9182	9	0
9371	10	1
6686	10	0
7975	11	0
8750	6	0
7570	7	0
5552	7	0
1774	8	0
6885	7	0
9153	8	0
4289	8	0
9407	9	1
8889	7	0
556	8	0
1940	8	0
7859	9	0
5400	8	0
1130	9	0
1682	9	0
5390	10	0
9527	7	0
1282	8	0
3872	8	0
5375	9	0
3217	8	0
517	9	0
3880	9	0
3547	10	0
8011	8	0
8054	9	0
1819	9	0
417	10	0
7980	9	0
8573	10	0
5170	10	5
8110	11	0
9404	7	0
2605	8	0
1759	8	0
4363	9	0
1149	8	0
6391	9	0
6657	9	0
9470	10	0
6496	8	1
1105	9	0
1587	9	0
7127	10	0
5998	9	0
830	10	0
9493	10	0
7813	11	0
8746	8	0
5711	9	0
9984	9	0
9437	10	0
5493	9	0
2942	10	0
2749	10	0
1805	11	0
2634	9	0
2193	10	0
2864	10	0
8728	11	0
8689	10	0
7936	11	0
2983	11	0
4279	12	7
6172	6	0
5087	7	0
2533	7	0
5480	8	0
6184	7	0
4238	8	0
7848	8	0
4203	9	0
1790	7	0
4909	8	0
6909	8	0
4637	9	0
4018	8	0
5519	9	0
9374	9	0
7620	10	0
335	7	0
7564	8	0
6675	8	0
620	9	0
9930	8	0
6040	9	0
443	9	0
4445	10	0
6485	8	0
3695	9	0
1557	9	0
4272	10	1
4226	9	0
3245	10	0
7120	10	0
3044	11	0
9772	7	1
9626	8	0
823	8	0
7310	9	0
6095	8	0
5191	9	0
4395	9	0
7678	10	0
9110	8	0
8804	9	0
4593	9	0
6152	10	0
5259	9	0
6911	10	0
1878	10	0
4361	11	0
8527	8	0
5561	9	0
3207	9	0
7924	10	0
3392	9	0
8809	10	0
854	10	0
6094	11	0
5266	9	0
7794	10	0
5115	10	0
5734	11	0
1692	10	0
5908	11	1
1988	11	0
8501	12	0
1229	7	0
2591	8	0
5884	8	0
6732	9	0
2217	8	0
9584	9	0
6910	9	0
6647	10	0
6088	8	0
3222	9	0
3123	9	0
4448	10	0
726	9	0
9082	10	0
5003	10	0
3753	11	0
7955	8	0
4902	9	0
1381	9	5
5892	10	0
2860	9	0
711	10	0
5035	10	1
4274	11	0
789	9	0
15	10	0
281	10	0
7539	11	0
5798	10	0
6417	11	0
9913	11	0
6865	12	0
2445	8	0
9945	9	0
4521	9	0
4376	10	0
7639	9	0
1761	10	0
6987	10	0
3707	11	0
5360	9	0
4601	10	0
8672	10	0
6755	11	0
5928	10	0
9016	11	0
5118	11	0
2857	12	0
7586	9	0
3618	10	0
1024	10	0
6530	11	0
1493	10	0
4324	11	0
1012	11	0
5957	12	0
6729	10	0
3208	11	0
6476	11	0
9393	12	0
8307	11	0
7801	12	0
1122	12	0
1550	13	1
6535	3	0
6875	4	0
7481	4	0
5383	5	0
7391	4	0
7652	5	0
913	5	0
3419	6	0
2289	4	0
6981	5	0
5732	5	0
4602	6	0
1209	5	1
1506	6	0
508	6	0
5407	7	0
5418	4	0
1449	5	0
65	5	0
740	6	0
6920	5	0
7448	6	0
1102	6	0
3640	7	0
33	5	0
954	6	0
6580	6	0
6648	7	0
7942	6	0
7654	7	0
1495	7	0
3416	8	0
5851	4	0
3908	5	0
4117	5	0
4091	6	0
6206	5	0
3318	6	0
4142	6	0
8341	7	0
4699	5	0
7181	6	0
550	6	0
3971	7	0
7873	6	0
530	7	0
6854	7	0
6377	8	0
5635	5	0
6293	6	0
1811	6	0
9538	7	0
9887	6	0
5578	7	0
2653	7	0
8744	8	0
2396	6	0
378	7	0
8787	7	0
5227	8	0
3236	7	0
6751	8	0
3360	8	0
9360	9	0
2462	4	0
2698	5	0
6221	5	0
7653	6	0
5030	5	0
6677	6	0
1255	6	0
1225	7	1
3282	5	0
3163	6	0
1043	6	0
4691	7	0
8152	6	0
9460	7	0
8447	7	0
9825	8	0
6797	5	0
6607	6	0
7572	6	0
8094	7	0
3125	6	0
4086	7	0
9536	7	0
6085	8	3
8393	6	1
6144	7	0
7816	7	0
4057	8	0
6800	7	0
686	8	0
7156	8	0
8067	9	0
1294	5	0
5836	6	0
9072	6	0
8167	7	0
2773	6	0
4489	7	0
9383	7	0
8619	8	0
7972	6	0
2818	7	0
9006	7	0
4273	8	0
103	7	0
6483	8	0
1016	8	0
8884	9	0
1361	6	0
1821	7	0
9190	7	0
4952	8	0
4524	7	0
9937	8	0
6243	8	0
8932	9	0
3757	7	0
4745	8	0
2281	8	0
307	9	0
3185	8	0
9694	9	0
1182	9	0
4748	10	0
6487	4	0
3136	5	0
4966	5	0
268	6	0
8204	5	0
8886	6	0
385	6	0
4000	7	0
7091	5	0
4743	6	4
9300	6	0
9247	7	0
7645	6	0
6722	7	0
5926	7	0
3633	8	0
3620	5	0
2978	6	0
8254	6	0
4705	7	0
9713	6	0
2271	7	0
2834	7	0
9879	8	0
5501	6	0
6424	7	0
2299	7	0
4795	8	0
488	7	0
8721	8	0
6251	8	0
5288	9	0
1234	5	0
3897	6	0
3836	6	0
6218	7	0
5673	6	0
4358	7	0
1018	7	0
9564	8	0
932	6	0
7099	7	0
3288	7	3
52	8	1
8682	7	0
5970	8	0
873	8	0
9061	9	0
1329	6	0
6056	7	0
131	7	0
47	8	0
1040	7	0
3331	8	0
3557	8	0
5320	9	0
8546	7	0
5459	8	1
701	8	0
5225	9	4
8776	8	0
363	9	0
3132	9	0
1897	10	0
3922	5	0
2545	6	0
8567	6	0
7329	7	0
3047	6	0
9698	7	0
9290	7	0
7868	8	0
3040	6	0
2184	7	0
5463	7	0
1984	8	0
5032	7	0
8771	8	0
2879	8	0
7787	9	0
5465	6	0
2573	7	0
5045	7	0
3592	8	0
1427	7	0
9415	8	0
4138	8	0
90	9	0
7027	7	0
2803	8	0
7379	8	0
1657	9	0
7741	8	0
3397	9	0
4557	9	0
6976	10	0
201	6	0
8958	7	0
7054	7	0
2918	8	0
7202	7	0
5800	8	0
7916	8	0
7331	9	0
3710	7	0
2191	8	0
5385	8	0
747	9	0
312	8	0
9933	9	3
7862	9	0
4819	10	0
5456	7	0
564	8	0
2908	8	0
7612	9	0
5139	8	0
606	9	0
347	9	0
7102	10	0
8419	8	0
9912	9	0
4558	9	0
9854	10	0
1970	9	0
4222	10	0
6234	10	0
1119	11	0
8972	4	0
4191	5	0
7997	5	0
1314	6	0
3625	5	0
8724	6	0
8870	6	0
8132	7	0
5060	5	0
3770	6	0
7792	6	0
4578	7	0
6127	6	0
9506	7	0
9298	7	0
6704	8	0
9744	5	0
8655	6	0
3637	6	0
5359	7	0
8496	6	0
697	7	0
8388	7	0
6834	8	0
1693	6	0
3430	7	0
1822	7	0
213	8	0
4728	7	0
4777	8	0
5951	8	0
2389	9	0
8936	5	0
8498	6	0
6012	6	0
7429	7	0
7957	6	0
1749	7	0
2966	7	0
7313	8	0
5722	6	0
5507	7	0
9228	7	0
5546	8	1
7706	7	0
7138	8	0
420	8	0
3681	9	0
942	6	0
9079	7	0
6654	7	0
9885	8	0
1021	7	0
5960	8	0
9760	8	0
207	9	0
5478	7	0
4017	8	0
1818	8	0
7535	9	0
3790	8	0
322	9	0
5913	9	0
5556	10	0
8087	5	0
447	6	0
2671	6	0
8079	7	0
2889	6	0
2609	7	0
575	7	0
4647	8	0
5651	6	0
6433	7	0
2356	7	0
8363	8	0
2303	7	0
7431	8	0
9237	8	0
6007	9	1
2505	6	0
252	7	0
571	7	0
3885	8	0
2496	7	0
5662	8	0
8279	8	0
419	9	0
4915	7	0
2679	8	0
4459	8	0
5414	9	0
5209	8	0
7899	9	0
7839	9	0
3727	10	0
4785	6	0
1737	7	0
6382	7	0
5621	8	0
8665	7	0
2689	8	1
5902	8	0
3357	9	0
3174	7	0
396	8	0
2551	8	0
2291	9	0
3187	8	0
5753	9	0
1053	9	0
6437	10	0
6461	7	0
7293	8	0
2233	8	4
6246	9	0
9212	8	0
289	9	0
4707	9	0
4763	10	0
4234	8	0
7858	9	0
9721	9	0
2069	10	0
4835	9	0
5744	10	0
1303	10	0
9693	11	0
122	5	0
5650	6	0
3329	6	0
9666	7	0
1828	6	0
6846	7	0
5177	7	0
4107	8	0
5803	6	0
3437	7	0
217	7	0
6270	8	0
7256	7	0
539	8	0
9917	8	0
4474	9	0
4134	6	0
7882	7	0
2668	7	0
1094	8	0
3393	7	0
2149	8	0
9463	8	0
2046	9	0
3518	7	0
6556	8	0
6282	8	0
1525	9	0
7592	8	0
2135	9	0
7791	9	7
8070	10	1
1632	6	0
101	7	0
1475	7	0
779	8	0
311	7	0
9069	8	0
5131	8	0
4335	9	0
3560	7	0
2457	8	0
9761	8	0
5064	9	0
2325	8	0
18	9	0
4015	9	0
2349	10	0
1534	7	0
6097	8	0
3716	8	0
9938	9	0
1649	8	0
8352	9	0
6166	9	0
4887	10	0
1036	8	0
4243	9	0
4588	9	0
8016	10	0
5174	9	1
7690	10	0
8117	10	0
3912	11	0
4960	6	0
9442	7	0
7986	7	0
9316	8	0
5935	7	0
4804	8	0
5767	8	0
2283	9	0
6280	7	0
5476	8	0
3181	8	1
355	9	0
1370	8	1
6679	9	0
3445	9	0
4483	10	0
3348	7	0
6194	8	1
4462	8	0
5374	9	0
4045	8	0
2706	9	0
3027	9	3
3428	10	0
3724	8	2
4972	9	0
7298	9	0
871	10	0
8788	9	0
1236	10	0
3511	10	0
2102	11	0
5411	7	0
1529	8	0
9799	8	0
8816	9	0
4622	8	0
1488	9	0
3955	9	1
6360	10	0
4075	8	1
5762	9	1
9147	9	0
4993	10	1
968	9	0
5564	10	0
537	10	0
4880	11	0
2341	8	0
3864	9	0
3438	9	0
9457	10	2
78	9	0
957	10	0
3268	10	0
9965	11	0
7511	9	0
8638	10	0
9786	10	0
4959	11	0
4153	10	0
359	11	0
3157	11	2
7553	12	1
6349	4	0
9492	5	0
4140	5	0
1666	6	0
8521	5	0
8412	6	0
6712	6	0
9449	7	0
6525	5	0
2695	6	0
439	6	0
2207	7	0
2265	6	0
6519	7	0
7355	7	0
4301	8	0
111	5	0
992	6	0
7394	6	0
4056	7	0
3099	6	0
6428	7	0
2311	7	0
5743	8	0
9231	6	0
9888	7	0
6462	7	0
1442	8	0
2312	7	0
9664	8	0
8943	8	0
4579	9	0
9160	5	0
3408	6	0
9129	6	0
1099	7	0
8632	6	0
9205	7	0
648	7	0
4428	8	0
2251	6	0
1283	7	3
3677	7	0
922	8	2
3472	7	0
9768	8	0
5339	8	0
8676	9	0
8614	6	0
900	7	0
9339	7	0
2214	8	0
3211	7	0
4884	8	0
3999	8	0
9546	9	0
7524	7	0
3993	8	4
4859	8	0
7931	9	0
2940	8	0
4619	9	0
2708	9	0
4981	10	1
3344	5	0
7631	6	0
404	6	0
3663	7	0
6132	6	0
1065	7	0
9939	7	0
1318	8	1
5452	6	0
3421	7	0
5638	7	0
7348	8	0
5386	7	0
6988	8	0
4977	8	0
8796	9	0
7195	6	0
9027	7	1
7243	7	0
4200	8	0
9654	7	0
6890	8	0
7365	8	0
3076	9	0
2380	7	0
4492	8	0
7749	8	3
6775	9	0
5539	8	0
3060	9	0
4525	9	0
5966	10	1
4864	6	0
4838	7	0
1047	7	0
9836	8	0
8229	7	0
7345	8	0
1832	8	0
2844	9	0
8215	7	0
5448	8	0
7350	8	0
921	9	0
2684	8	0
7920	9	0
2309	9	0
3241	10	0
6508	7	0
7246	8	0
896	8	0
8712	9	0
6543	8	0
1876	9	0
1334	9	0
2826	10	0
9992	8	0
5088	9	0
6509	9	0
1980	10	0
8099	9	0
7274	10	0
5907	10	0
21	11	1
9296	5	1
9081	6	0
762	6	0
3456	7	0
2935	6	0
8694	7	0
2435	7	0
9813	8	0
1445	6	0
9272	7	0
184	7	0
2981	8	0
2690	7	3
6395	8	0
8993	8	0
1553	9	0
4769	6	0
5666	7	0
6495	7	0
1958	8	0
3012	7	0
8248	8	0
1133	8	0
8973	9	0
1579	7	0
547	8	0
6059	8	0
5904	9	0
4195	8	0
7754	9	0
8301	9	2
5850	10	0
6241	6	0
1069	7	0
2685	7	0
8479	8	0
2747	7	0
541	8	0
4165	8	0
8467	9	0
9597	7	0
3940	8	0
4481	8	0
5488	9	0
8560	8	0
4784	9	0
2871	9	0
8869	10	0
9800	7	0
5011	8	0
5944	8	0
3032	9	0
2288	8	0
3309	9	0
9073	9	0
4309	10	0
4359	8	0
6954	9	0
866	9	0
3001	10	0
1501	9	0
3252	10	0
626	10	0
9796	11	0
8263	6	0
3077	7	0
9326	7	0
5020	8	0
2644	7	0
4655	8	0
482	8	0
3431	9	0
4133	7	0
9346	8	0
6169	8	0
2792	9	0
7642	8	0
8112	9	0
3629	9	0
2751	10	0
7650	7	0
6604	8	0
9456	8	0
5165	9	0
4552	8	0
7730	9	0
6486	9	0
7508	10	0
7493	8	0
1664	9	0
6793	9	0
5545	10	0
5989	9	0
1486	10	0
8738	10	0
3039	11	0
1623	7	0
1084	8	0
9013	8	0
959	9	0
3652	8	0
3561	9	0
3862	9	0
5685	10	0
1063	8	0
2964	9	0
330	9	0
6248	10	0
1948	9	0
473	10	0
1841	10	0
8013	11	0
4744	8	0
9810	9	1
3662	9	0
7669	10	0
392	9	0
5050	10	0
7342	10	0
6472	11	0
1834	9	0
4357	10	0
5312	10	0
8519	11	0
1385	10	0
4920	11	0
4177	11	0
8987	12	2
5120	5	3
7478	6	0
890	6	0
1622	7	0
1015	6	0
9245	7	0
9707	7	0
2279	8	0
8089	6	0
2574	7	0
2883	7	0
6340	8	0
1954	7	0
3835	8	0
5663	8	0
3112	9	0
1095	6	0
5381	7	0
2443	7	0
685	8	0
7614	7	0
383	8	0
6683	8	0
4447	9	0
1885	7	0
393	8	0
7316	8	0
1169	9	0
8855	8	0
6707	9	0
3255	9	0
6531	10	1
7907	6	0
3373	7	0
7398	7	0
2077	8	0
6312	7	0
1419	8	0
1147	8	0
6723	9	0
4364	7	0
4564	8	1
5714	8	0
1174	9	0
7805	8	0
6342	9	0
4627	9	0
8407	10	0
5946	7	0
6185	8	0
3886	8	0
2055	9	0
847	8	0
7400	9	0
9472	9	0
9037	10	0
9776	8	0
2051	9	0
9282	9	0
1847	10	7
1144	9	0
6511	10	0
2384	10	0
3925	11	0
1983	6	0
2118	7	0
6290	7	0
3833	8	0
9944	7	0
7733	8	0
8914	8	0
5772	9	0
502	7	0
5821	8	0
7831	8	0
1836	9	0
2661	8	0
4824	9	0
7198	9	0
6955	10	1
6777	7	0
365	8	0
1855	8	0
9217	9	0
2340	8	0
5076	9	0
3452	9	0
1344	10	0
6706	8	0
1599	9	0
4543	9	0
6117	10	0
2619	9	0
3052	10	0
5146	10	0
2972	11	0
7022	7	0
7633	8	1
5898	8	0
2980	9	0
8026	8	0
7340	9	0
5917	9	0
4606	10	0
2085	8	0
4531	9	0
5335	9	0
2746	10	1
5873	9	0
9675	10	0
7698	10	0
6696	11	0
1706	8	0
2146	9	0
8918	9	0
3458	10	1
9421	9	0
4633	10	0
2	10	0
5056	11	0
5419	9	0
4825	10	0
5228	10	0
7527	11	0
8706	10	0
8160	11	1
784	11	0
739	12	0
1061	6	0
2075	7	0
6113	7	0
6506	8	0
5805	7	0
9533	8	0
4328	8	0
829	9	0
8845	7	0
9169	8	0
5234	8	0
6161	9	0
1844	8	0
4995	9	0
2796	9	0
6521	10	0
8916	7	0
6129	8	0
6544	8	0
4236	9	0
3943	8	0
4145	9	0
8144	9	0
936	10	0
1058	8	1
2475	9	1
9545	9	0
7447	10	0
5886	9	0
4455	10	0
5550	10	0
9116	11	0
1379	7	0
8093	8	0
384	8	0
6957	9	0
8459	8	0
1696	9	0
6130	9	4
9926	10	0
2370	8	0
4946	9	0
5127	9	0
1938	10	0
2988	9	0
947	10	0
2848	10	0
8476	11	0
2307	8	0
6782	9	1
2917	9	0
1744	10	0
7932	9	1
4611	10	0
6613	10	0
8967	11	0
3461	9	1
5071	10	1
9897	10	0
6436	11	0
3311	10	0
7637	11	0
1776	11	0
5661	12	0
2152	7	0
1531	8	0
2211	8	0
5254	9	0
3352	8	0
1624	9	0
7031	9	0
9646	10	3
6765	8	0
6881	9	0
9313	9	0
2845	10	0
7673	9	0
979	10	0
9350	10	0
8147	11	1
7518	8	0
7047	9	0
2524	9	0
2791	10	0
3473	9	1
7581	10	0
9638	10	0
167	11	0
2865	9	0
6678	10	0
6253	10	0
9176	11	1
5604	10	0
1073	11	0
1297	11	0
71	12	1
7748	8	0
6191	9	0
20	9	0
6695	10	0
3767	9	0
8473	10	0
6771	10	0
6694	11	0
9087	9	0
5420	10	0
7247	10	0
6122	11	1
7082	10	0
4821	11	0
6603	11	1
8475	12	0
7993	9	0
6973	10	0
7622	10	0
121	11	1
7689	10	0
7165	11	0
5885	11	0
1411	12	0
7697	10	0
5967	11	0
177	11	0
2540	12	0
202	11	0
4223	12	0
7193	12	0
156	13	1
3680	4	0
2229	5	0
5746	5	0
9851	6	0
4726	5	1
7959	6	0
1907	6	0
9502	7	0
7013	5	0
6445	6	0
9083	6	0
3978	7	0
3138	6	0
445	7	0
7253	7	0
5166	8	0
6592	5	0
7889	6	0
193	6	0
8345	7	0
5429	6	0
1465	7	1
2624	7	0
8790	8	0
3151	6	0
8168	7	0
5277	7	3
6660	8	0
8628	7	0
9435	8	0
4485	8	0
9410	9	0
8331	5	0
9805	6	0
2703	6	0
756	7	0
9414	6	0
7154	7	0
4321	7	0
790	8	0
2171	6	0
9325	7	0
6820	7	0
8157	8	0
9647	7	0
1838	8	0
4862	8	0
1977	9	0
9059	6	0
4181	7	0
8760	7	0
9555	8	0
5432	7	0
1517	8	0
7944	8	0
3645	9	0
8699	7	0
876	8	18
8209	8	12
1588	9	0
7763	8	0
5140	9	0
6863	9	0
1526	10	1
3145	5	0
9258	6	0
8202	6	0
2849	7	0
2519	6	0
9834	7	0
2346	7	1
9478	8	0
3969	6	0
5596	7	0
1546	7	0
5437	8	0
4928	7	0
7427	8	0
4308	8	0
5971	9	0
6249	6	0
4016	7	0
4721	7	0
6935	8	0
5945	7	0
6351	8	0
5626	8	0
2329	9	0
5167	7	0
3095	8	0
1371	8	0
5361	9	0
7433	8	0
8091	9	0
3977	9	0
6315	10	0
5940	6	0
2969	7	0
3403	7	0
3292	8	0
9267	7	0
107	8	0
5955	8	0
9804	9	0
819	7	0
6440	8	0
4594	8	0
8707	9	0
3930	8	0
8491	9	2
5833	9	0
9340	10	0
1792	7	0
328	8	0
1020	8	0
5049	9	0
282	8	0
5878	9	0
6232	9	0
6894	10	1
8145	8	0
8329	9	0
1537	9	0
1387	10	0
9213	9	0
2806	10	0
3471	10	0
9831	11	0
1468	5	0
4327	6	0
9134	6	0
4438	7	0
9092	6	0
5918	7	0
6574	7	0
8213	8	0
1281	6	0
770	7	0
3693	7	0
497	8	0
469	7	0
6624	8	0
615	8	0
5500	9	0
3959	6	0
1568	7	0
807	7	0
137	8	0
9940	7	0
5467	8	0
7024	8	0
6499	9	0
8262	7	0
5260	8	0
4936	8	0
1533	9	0
9893	8	0
5472	9	0
6109	9	0
4256	10	0
470	6	0
3285	7	0
1662	7	0
4430	8	0
4006	7	0
3481	8	0
465	8	0
4812	9	0
9379	7	0
3238	8	0
9029	8	0
4449	9	0
1700	8	0
880	9	0
2044	9	0
1342	10	0
5876	7	2
3234	8	0
4845	8	0
8818	9	0
6598	8	0
8847	9	0
3668	9	0
8646	10	0
5606	8	0
2165	9	0
9434	9	0
4496	10	0
7282	9	0
1243	10	0
8090	10	0
8938	11	0
2924	6	0
5502	7	0
5668	7	0
2029	8	0
4904	7	0
9561	8	0
8437	8	0
2761	9	0
3920	7	0
9387	8	0
7563	8	0
5831	9	0
9179	8	0
7218	9	0
6355	9	0
3968	10	0
2487	7	0
8225	8	0
6151	8	0
4345	9	0
1499	8	0
146	9	0
5330	9	0
4199	10	0
2479	8	0
9563	9	0
7578	9	0
2977	10	0
407	9	0
1804	10	0
6273	10	0
198	11	3
491	7	0
2535	8	0
558	8	0
794	9	0
9680	8	0
8664	9	0
8487	9	0
9594	10	0
7367	8	1
2669	9	0
1088	9	0
6220	10	0
4574	9	0
6822	10	0
1207	10	0
8317	11	0
3071	8	0
4523	9	0
5096	9	0
6454	10	0
6010	9	0
2242	10	0
2516	10	0
6997	11	0
6569	9	0
4501	10	0
4231	10	0
3085	11	0
9962	10	0
5111	11	0
6992	11	0
6175	12	0
8552	5	0
4260	6	0
7701	6	0
4008	7	0
6033	6	0
7881	7	0
8890	7	0
7773	8	0
9214	6	0
4131	7	0
8420	7	0
9881	8	0
7504	7	0
4811	8	0
9645	8	0
1208	9	0
9878	6	0
7469	7	0
3406	7	0
4613	8	0
2300	7	0
9633	8	0
8195	8	0
3731	9	0
4919	7	0
4115	8	0
5819	8	0
9756	9	0
3278	8	0
9762	9	0
3446	9	0
4232	10	0
6446	6	1
3425	7	0
6617	7	0
9342	8	0
9951	7	0
7380	8	0
2825	8	0
8978	9	0
1674	7	0
9625	8	0
7148	8	0
2451	9	0
3890	8	0
9676	9	0
8127	9	0
9532	10	0
7083	7	0
3810	8	0
6077	8	0
5810	9	0
8550	8	0
4062	9	0
2728	9	0
5669	10	0
9866	8	0
8643	9	0
8716	9	0
5380	10	0
3919	9	0
9464	10	0
3984	10	0
6947	11	0
5216	6	0
5093	7	0
34	7	0
6054	8	0
8915	7	0
1720	8	0
3330	8	0
8666	9	0
1978	7	0
3563	8	0
7338	8	0
9624	9	0
9972	8	0
5179	9	0
6801	9	0
5091	10	0
9673	7	0
3188	8	0
1974	8	0
6609	9	0
3451	8	0
4039	9	0
9227	9	0
3914	10	0
8238	8	0
6179	9	0
7968	9	0
4843	10	0
791	9	0
258	10	0
1242	10	0
5464	11	0
4269	7	0
4031	8	0
1022	8	0
8596	9	0
5368	8	0
9349	9	0
1027	9	0
1407	10	0
5675	8	0
2729	9	0
9243	9	0
3714	10	0
6963	9	0
382	10	0
22	10	0
346	11	0
5530	8	0
4046	9	0
1045	9	0
3926	10	0
5247	9	0
6466	10	0
1817	10	0
8178	11	0
3861	9	0
5297	10	0
4964	10	0
7756	11	0
5180	10	0
717	11	0
8003	11	0
63	12	0
7067	6	0
343	7	0
9436	7	0
2946	8	0
5029	7	0
1896	8	0
950	8	0
5523	9	0
3497	7	0
2937	8	0
8004	8	0
6572	9	0
8944	8	0
8968	9	0
6837	9	0
870	10	0
8176	7	0
9857	8	0
4609	8	0
4962	9	0
9841	8	0
2477	9	0
8251	9	0
5963	10	0
1404	8	0
3426	9	0
6447	9	0
5443	10	0
4109	9	0
5573	10	0
6031	10	0
4402	11	0
1932	7	0
781	8	0
2681	8	0
8252	9	0
7953	8	0
7589	9	0
9850	9	2
5461	10	0
1454	8	0
9488	9	0
3359	9	0
5726	10	0
8994	9	0
8928	10	0
3306	10	0
484	11	0
2906	8	0
1091	9	0
4294	9	0
9609	10	0
3246	9	0
4371	10	0
4877	10	0
398	11	0
9785	9	0
9733	10	0
2546	10	0
1695	11	0
5557	10	0
8444	11	0
2033	11	0
4729	12	0
7209	7	0
4911	8	0
5712	8	0
4970	9	0
7001	8	0
9106	9	0
4871	9	0
8742	10	3
5102	8	0
9162	9	0
4896	9	0
9186	10	0
8097	9	0
1743	10	0
7666	10	0
4369	11	0
8913	8	0
3611	9	0
2805	9	0
3053	10	0
7820	9	0
7194	10	0
1107	10	0
4010	11	0
5540	9	1
5980	10	0
6354	10	0
5804	11	0
7988	10	0
2753	11	0
8715	11	0
6230	12	0
8480	8	0
1917	9	0
6618	9	0
3015	10	0
4370	9	0
6787	10	0
3772	10	0
6558	11	0
35	9	1
6105	10	0
8697	10	0
4432	11	0
960	10	0
4714	11	0
7461	11	0
474	12	0
7520	9	0
2417	10	0
66	10	0
5000	11	0
6343	10	0
9587	11	0
6629	11	0
671	12	0
3287	10	0
3213	11	0
243	11	0
6060	12	0
3602	11	0
188	12	0
8143	12	1
9792	13	0
2705	5	0
1823	6	0
2960	6	0
2262	7	0
8438	6	0
7602	7	0
7075	7	0
1396	8	0
720	6	0
6023	7	0
7239	7	0
4516	8	0
8789	7	0
9321	8	0
212	8	0
5	9	0
7079	6	0
5022	7	0
3876	7	0
7363	8	0
7036	7	0
5925	8	0
3193	8	0
8104	9	0
9095	7	0
1578	8	0
9618	8	0
9574	9	0
9276	8	0
1196	9	0
552	9	0
8113	10	0
7170	6	0
4296	7	0
7783	7	0
8819	8	0
2173	7	0
9157	8	0
818	8	0
8055	9	0
2799	7	0
4999	8	0
6699	8	0
2221	9	0
9200	8	0
8912	9	1
5881	9	1
1253	10	0
4677	7	0
9998	8	0
3604	8	0
5558	9	0
9152	8	0
3528	9	0
3402	9	0
7261	10	0
8076	8	0
7978	9	0
3817	9	0
895	10	0
191	9	0
4806	10	0
9369	10	0
7822	11	0
4139	6	0
2005	7	0
934	7	0
3855	8	0
3900	7	0
2502	8	0
5860	8	0
2062	9	0
1064	7	0
3927	8	0
8878	8	0
9529	9	0
7958	8	3
4671	9	0
9168	9	0
7780	10	0
7187	7	0
40	8	0
8450	8	0
4118	9	0
598	8	0
442	9	0
5572	9	0
4856	10	0
408	8	0
2920	9	0
4119	9	0
3133	10	0
5207	9	0
7804	10	0
5869	10	0
2405	11	1
9303	7	0
7315	8	0
3515	8	0
9177	9	0
234	8	0
8705	9	0
3733	9	0
7327	10	0
4054	8	0
4168	9	0
7030	9	0
6016	10	0
8654	9	0
3548	10	2
5813	10	1
260	11	0
7750	8	0
3776	9	0
9905	9	0
2784	10	0
3800	9	0
8002	10	0
8909	10	0
209	11	0
707	9	0
9461	10	1
6637	10	0
6457	11	0
4759	10	0
6038	11	0
276	11	3
1403	12	0
718	6	0
4300	7	0
227	7	0
4694	8	0
4891	7	0
2550	8	0
5761	8	0
5688	9	0
3994	7	0
8791	8	0
3101	8	0
6606	9	0
3260	8	0
3763	9	0
8992	9	0
327	10	0
9332	7	0
7311	8	0
5524	8	0
2838	9	0
7296	8	0
772	9	0
9173	9	0
3038	10	0
4251	8	0
3591	9	0
2712	9	0
3227	10	0
9535	9	0
2498	10	0
3490	10	0
885	11	0
5069	7	0
9500	8	0
3534	8	0
4546	9	0
5092	8	0
367	9	1
1548	9	0
618	10	0
3806	8	0
5724	9	0
487	9	0
5137	10	0
7283	9	0
4104	10	0
4553	10	0
1724	11	0
9025	8	0
6985	9	0
1226	9	0
5747	10	0
649	9	0
6925	10	0
9297	10	0
2422	11	0
9307	9	0
3945	10	0
9033	10	0
2556	11	0
9743	10	0
1572	11	0
3765	11	0
3007	12	0
1417	7	0
9798	8	0
9906	8	0
9922	9	0
1097	8	0
2510	9	0
5098	9	0
6990	10	0
9777	8	0
8640	9	0
7943	9	0
3953	10	0
4323	9	0
463	10	0
785	10	0
846	11	0
9791	8	0
4420	9	0
8173	9	0
8175	10	0
5728	9	0
3494	10	0
8963	10	0
1987	11	0
8879	9	0
6162	10	0
7072	10	0
7992	11	0
2995	10	0
3372	11	0
7144	11	1
8656	12	0
2002	8	0
7317	9	0
7080	9	0
3005	10	0
9348	9	0
8565	10	0
7479	10	0
3761	11	0
7092	9	0
5773	10	0
7334	10	0
6394	11	0
1151	10	0
4176	11	0
3894	11	0
3058	12	0
3593	9	0
7116	10	0
8027	10	3
399	11	0
2869	10	0
6037	11	0
169	11	0
7477	12	0
1826	10	0
7901	11	0
941	11	0
41	12	0
2036	11	0
8188	12	0
6998	12	0
2511	13	0
1979	6	0
2182	7	0
3066	7	0
2470	8	0
2700	7	0
2831	8	0
3743	8	0
9274	9	0
9080	7	0
3987	8	0
1935	8	0
4716	9	0
7649	8	0
3631	9	0
6165	9	0
6857	10	0
9191	7	0
9543	8	1
8911	8	0
7646	9	16
4144	8	0
7821	9	0
6565	9	0
5017	10	0
7945	8	0
4542	9	0
9335	9	0
5236	10	0
5895	9	0
3387	10	0
6845	10	0
3134	11	0
3155	7	0
3519	8	0
2056	8	3
1203	9	0
132	8	0
4012	9	0
8445	9	0
7419	10	0
5938	8	0
1766	9	0
9028	9	0
2635	10	0
8197	9	0
9615	10	0
9054	10	0
9314	11	0
3550	8	0
9891	9	0
7488	9	1
4818	10	0
6818	9	0
7774	10	0
9770	10	0
5099	11	0
4624	9	0
2925	10	0
3019	10	0
2379	11	0
3683	10	0
9918	11	0
2968	11	0
5409	12	0
2730	7	0
1705	8	0
1809	8	0
8219	9	0
7865	8	0
7616	9	0
6680	9	0
9513	10	1
7279	8	0
4382	9	0
6566	9	0
456	10	0
605	9	0
5636	10	0
7921	10	0
5316	11	0
3873	8	0
593	9	0
5490	9	0
8357	10	0
6646	9	0
3705	10	0
5144	10	0
4680	11	1
432	9	0
2739	10	0
6134	10	0
5701	11	0
2137	10	0
5185	11	0
6370	11	0
7294	12	0
6789	8	0
5591	9	0
8598	9	0
7272	10	0
7428	9	0
2585	10	0
2321	10	2
257	11	0
5756	9	0
3703	10	0
8727	10	0
1420	11	0
5189	10	0
6684	11	0
3799	11	0
2979	12	0
7778	9	0
4366	10	0
4773	10	0
9976	11	0
1784	10	0
9166	11	0
9653	11	0
8060	12	0
1120	10	0
7990	11	0
9966	11	0
538	12	0
235	11	0
354	12	0
1177	12	0
6849	13	0
7472	7	0
5605	8	0
1214	8	0
1511	9	0
8318	8	0
1689	9	0
3653	9	0
2919	10	4
4658	8	0
9035	9	2
1630	9	0
6949	10	0
567	9	0
1551	10	1
1126	10	0
2440	11	0
9766	8	0
4939	9	0
4025	9	0
9477	10	0
2339	9	0
9788	10	0
1423	10	0
4403	11	0
2444	9	0
4975	10	0
7172	10	0
2847	11	0
5274	10	0
6386	11	0
4248	11	0
736	12	0
5287	8	0
1522	9	0
1570	9	0
7888	10	0
708	9	0
2789	10	0
520	10	0
6939	11	0
1129	9	0
8735	10	0
2248	10	0
5068	11	0
8622	10	0
6965	11	0
427	11	0
800	12	0
8125	9	0
831	10	0
1547	10	0
5867	11	0
4662	10	0
8268	11	0
236	11	0
9931	12	0
6192	10	0
8820	11	0
6200	11	0
7593	12	0
2284	11	0
9980	12	0
5883	12	0
7681	13	0
7451	8	0
1009	9	0
6413	9	0
4466	10	0
1671	9	0
5887	10	0
6975	10	0
3899	11	0
1883	9	0
3054	10	0
4649	10	0
6434	11	0
4823	10	0
287	11	0
7250	11	0
6825	12	0
2014	9	0
9588	10	0
4899	10	0
1521	11	0
4503	10	0
3711	11	0
8131	11	0
4905	12	0
9224	10	0
3516	11	0
3296	11	0
3536	12	0
5482	11	0
7624	12	0
1502	12	0
3636	13	0
5262	9	0
2045	10	0
9764	10	0
8453	11	0
4751	10	0
5652	11	0
1340	11	0
861	12	0
3970	10	0
1363	11	0
7904	11	0
8861	12	0
5037	11	0
6735	12	0
2072	12	0
7684	13	0
6720	10	0
8288	11	0
8092	11	0
2160	12	0
1871	11	0
345	12	0
7158	12	0
7273	13	0
7016	11	0
3831	12	0
8312	12	0
4330	13	0
2215	12	0
2064	13	0
9910	13	0
1074	14	1
3573	2	0
1767	3	0
7854	3	0
3455	4	0
9174	3	0
7850	4	0
8414	4	0
3729	5	0
7732	3	0
5927	4	0
1166	4	0
3760	5	0
1402	4	0
7307	5	0
2295	5	0
2683	6	0
6126	3	0
4781	4	0
3722	4	0
7917	5	0
1862	4	0
6595	5	0
5978	5	0
8008	6	0
1025	4	0
7384	5	0
3530	5	0
4717	6	0
8139	5	0
6687	6	0
4404	6	0
2641	7	0
99	3	0
4314	4	0
1232	4	0
904	5	0
8659	4	0
2199	5	0
3484	5	0
1054	6	0
2473	4	0
4136	5	0
4930	5	0
9828	6	0
1660	5	0
1801	6	0
2909	6	0
3989	7	0
3818	4	0
4476	5	0
5667	5	0
1368	6	0
9431	5	0
8582	6	0
9263	6	0
159	7	0
8603	5	0
5491	6	0
6240	6	0
2781	7	0
3046	6	0
5802	7	0
8620	7	0
1023	8	0
178	3	0
1898	4	0
2294	4	0
5294	5	0
190	4	0
1139	5	0
3598	5	0
3316	6	0
9021	4	0
7709	5	0
5656	5	0
95	6	0
6210	5	0
7575	6	0
1412	6	0
8753	7	0
883	4	0
3396	5	0
4808	5	0
9782	6	0
5617	5	0
9223	6	0
6278	6	0
4548	7	0
2720	5	0
2646	6	0
862	6	0
8860	7	0
4081	6	0
435	7	0
9053	7	0
2096	8	0
6096	4	0
7629	5	0
2854	5	0
1552	6	0
2357	5	0
9402	6	0
5271	6	0
2320	7	0
8478	5	0
5016	6	0
8417	6	0
9361	7	0
9024	6	0
4591	7	0
2650	7	0
4281	8	0
6941	5	0
1971	6	0
9372	6	0
9663	7	0
9251	6	0
6319	7	2
9542	7	0
3845	8	0
4307	6	0
7590	7	0
7069	7	0
454	8	0
7413	7	0
7028	8	0
32	8	3
472	9	0
993	3	0
3103	4	0
2755	4	0
4098	5	0
9820	4	0
978	5	0
9763	5	0
7672	6	0
9167	4	0
3301	5	0
8149	5	0
907	6	0
631	5	0
7356	6	0
2633	6	0
7064	7	3
855	4	0
1952	5	0
9049	5	0
2620	6	0
1188	5	0
3692	6	0
3478	6	0
9946	7	0
1569	5	0
6972	6	0
2053	6	0
8007	7	0
6188	6	0
8904	7	0
6864	7	0
379	8	0
7628	4	0
9657	5	0
3003	5	0
2947	6	0
366	5	0
5619	6	0
3607	6	0
4059	7	0
8623	5	0
9672	6	0
1288	6	0
699	7	0
6286	6	0
8039	7	0
2623	7	0
869	8	0
16	5	0
1730	6	0
8430	6	0
9977	7	0
2169	6	0
9266	7	2
3939	7	0
9254	8	0
8069	6	2
9126	7	0
8635	7	0
2343	8	0
743	7	0
4690	8	0
9858	8	0
134	9	0
2795	4	0
4735	5	0
9291	5	0
4398	6	0
8896	5	0
3728	6	0
2622	6	0
1077	7	0
8729	5	0
4568	6	0
1777	6	0
9716	7	0
9932	6	0
183	7	0
6758	7	0
9589	8	0
127	5	0
1443	6	0
5830	6	0
9968	7	0
5371	6	0
3308	7	0
2994	7	0
599	8	0
8627	6	0
7744	7	0
7938	7	0
3164	8	0
5203	7	0
4076	8	0
8650	8	0
5577	9	0
498	5	0
574	6	0
8504	6	0
2141	7	0
9582	6	0
5231	7	0
211	7	0
9354	8	0
5483	6	0
471	7	0
3376	7	0
8959	8	0
7779	7	0
7323	8	0
7660	8	0
9641	9	0
3233	6	0
1286	7	0
3644	7	0
3789	8	0
3062	7	0
5458	8	0
3237	8	0
1620	9	0
2714	7	0
2266	8	0
563	8	0
7117	9	0
1270	8	0
9797	9	0
1125	9	0
5469	10	0
7721	3	0
6969	4	0
3992	4	0
1436	5	3
8332	4	0
230	5	0
5108	5	0
380	6	0
4793	4	0
7950	5	0
7554	5	0
7902	6	0
9704	5	0
2342	6	0
6076	6	0
6098	7	0
483	4	0
5758	5	0
55	5	0
6183	6	0
9953	5	0
182	6	0
8322	6	0
9681	7	0
753	5	0
7956	6	0
5532	6	0
3830	7	0
5024	6	0
9143	7	0
8140	7	0
8010	8	0
9052	4	0
2167	5	0
6498	5	0
7591	6	0
3179	5	0
6824	6	0
3379	6	0
3821	7	0
410	5	0
8274	6	0
1670	6	0
6585	7	0
5205	6	0
6549	7	0
3521	7	0
337	8	0
5301	5	0
3517	6	0
9586	6	0
8807	7	0
8046	6	0
9802	7	0
6019	7	0
974	8	0
2348	6	0
2287	7	0
6927	7	0
3983	8	0
8929	7	0
64	8	0
3623	8	0
5073	9	0
3911	4	0
2793	5	0
5648	5	0
6809	6	0
3981	5	0
2675	6	0
3742	6	0
1425	7	0
878	5	0
6766	6	0
2061	6	0
6867	7	0
1564	6	0
3946	7	0
9617	7	0
2195	8	0
2209	5	0
1247	6	0
3033	6	0
9120	7	0
3049	6	0
8458	7	0
750	7	0
5182	8	0
5331	6	0
4681	7	0
4013	7	0
9000	8	0
2403	7	0
1894	8	0
5715	8	0
9241	9	0
721	5	0
9175	6	0
2617	6	0
7377	7	0
3769	6	0
1448	7	0
3615	7	0
7492	8	0
373	6	0
3477	7	0
5799	7	0
77	8	0
3694	7	0
1574	8	0
5439	8	0
2934	9	0
4847	6	0
3350	7	0
1141	7	0
5912	8	0
302	7	0
5865	8	0
3606	8	0
2338	9	0
7878	7	0
4436	8	1
1269	8	0
6288	9	0
2841	8	0
7335	9	0
7210	9	0
2230	10	0
5590	4	0
6119	5	0
1362	5	0
6542	6	0
2194	5	0
5329	6	0
668	6	0
2326	7	0
166	5	0
2247	6	0
303	6	0
8990	7	0
4778	6	0
25	7	0
7087	7	0
8294	8	0
8426	5	0
8626	6	0
1942	6	0
5039	7	0
9811	6	0
6774	7	0
3590	7	0
4669	8	0
2740	6	0
9679	7	0
3932	7	0
991	8	0
1331	7	0
4021	8	0
1833	8	0
6612	9	0
7240	5	0
8743	6	0
9658	6	0
2374	7	0
8745	6	0
6214	7	0
712	7	0
7906	8	0
9907	6	0
173	7	0
5549	7	3
8700	8	0
6198	7	0
7314	8	0
7989	8	0
4866	9	0
2023	6	0
8688	7	0
8020	7	0
6239	8	0
4416	7	0
6584	8	0
4636	8	0
6257	9	0
9221	7	0
5206	8	0
6689	8	0
610	9	0
7910	8	0
6808	9	0
3340	9	0
548	10	0
1540	5	0
6261	6	0
9474	6	0
6219	7	0
4590	6	0
9567	7	0
8792	7	0
1691	8	0
4829	6	1
2998	7	1
8358	7	0
9996	8	3
7983	7	0
1296	8	0
7260	8	0
5346	9	0
8095	6	0
4589	7	0
7540	7	0
4826	8	0
9384	7	0
3113	8	0
5043	8	0
9923	9	0
6308	7	1
8484	8	0
8061	8	0
1319	9	0
778	8	0
1621	9	0
5392	9	0
1093	10	0
1678	6	0
6260	7	0
8868	7	0
2958	8	0
4040	7	0
5588	8	0
1300	8	0
7809	9	0
3106	7	3
6471	8	0
1306	8	0
458	9	0
5879	8	0
5021	9	0
8066	9	0
730	10	0
8731	7	0
3616	8	0
2506	8	0
9503	9	0
9093	8	0
1755	9	0
8849	9	0
852	10	0
1610	8	0
9593	9	0
4027	9	0
3358	10	0
3627	9	0
1429	10	0
4207	10	2
1618	11	1
6930	3	0
532	4	0
4700	4	0
9853	5	0
6347	4	0
170	5	0
1461	5	0
1244	6	0
9288	4	0
5393	5	0
5300	5	0
8394	6	0
1656	5	0
6734	6	0
9425	6	0
7184	7	0
9094	4	0
1535	5	0
8865	5	0
4549	6	0
3056	5	0
3440	6	0
803	6	0
3643	7	0
67	5	0
1960	6	0
7613	6	0
7068	7	0
3910	6	0
7537	7	0
4839	7	3
554	8	0
4852	4	0
7514	5	0
1707	5	0
5914	6	0
4250	5	0
590	6	1
7557	6	0
2465	7	0
1922	5	0
7257	6	0
341	6	0
7393	7	0
9232	6	0
8857	7	0
1160	7	0
3023	8	0
6713	5	0
6450	6	0
7530	6	0
4318	7	0
4137	6	0
8180	7	0
2949	7	0
7857	8	0
1192	6	0
3706	7	0
6359	7	0
5680	8	0
2886	7	0
665	8	0
2162	8	0
6427	9	0
3178	4	0
8825	5	0
4737	5	0
9420	6	0
247	5	0
7926	6	0
1168	6	0
1615	7	0
1613	5	0
3834	6	0
4352	6	0
2873	7	0
2911	6	0
5922	7	0
8965	7	0
8822	8	0
4551	5	3
9715	6	0
3924	6	0
8852	7	0
4237	6	0
3554	7	0
3512	7	0
5446	8	0
5027	6	0
92	7	0
6306	7	0
1688	8	0
9111	7	0
4603	8	0
6318	8	0
4953	9	0
5142	5	0
3075	6	0
8854	6	0
5376	7	0
2518	6	0
7034	7	0
2474	7	0
4456	8	0
329	6	0
9344	7	0
4878	7	0
5730	8	0
9353	7	0
9394	8	0
9151	8	0
4561	9	0
5559	6	0
6785	7	0
3307	7	0
8686	8	0
3215	7	0
604	8	0
3328	8	0
5014	9	0
3298	7	0
9990	8	0
4026	8	0
7396	9	0
6474	8	0
5349	9	0
4661	9	0
9158	10	0
2188	4	0
7702	5	0
4931	5	0
6674	6	0
6528	5	0
5481	6	0
7046	6	0
7711	7	0
8392	5	0
540	6	0
8946	6	0
738	7	0
3819	6	0
881	7	0
1078	7	0
5910	8	0
7206	5	0
2249	6	0
1413	6	0
7864	7	0
8482	6	0
1642	7	0
8609	7	0
4331	8	0
1051	6	0
4701	7	0
6682	7	0
8840	8	0
349	7	0
9423	8	0
1637	8	0
5849	9	0
9112	5	0
6368	6	0
2672	6	0
1250	7	4
4208	6	0
8837	7	0
7458	7	0
1740	8	0
2163	6	0
5737	7	0
5317	7	0
2763	8	0
8165	7	0
2757	8	0
7836	8	0
6669	9	0
774	6	0
3857	7	0
3524	7	0
8368	8	0
5568	7	0
17	8	0
3119	8	0
2702	9	0
7227	7	0
2602	8	0
7446	8	0
6075	9	0
8751	8	0
3895	9	0
7960	9	0
844	10	0
4772	5	0
5896	6	0
9572	6	0
7793	7	0
8170	6	0
3192	7	0
6401	7	0
6147	8	0
624	6	0
2447	7	0
3482	7	0
4840	8	0
4875	7	0
9279	8	0
8564	8	0
3996	9	0
6252	6	0
3380	7	0
6628	7	0
3479	8	0
5581	7	0
89	8	0
926	8	0
30	9	0
2273	7	0
9794	8	0
2771	8	0
637	9	0
9004	8	0
44	9	0
428	9	0
1921	10	0
1324	6	0
3675	7	0
1487	7	0
2697	8	0
5723	7	0
2328	8	0
8471	8	3
1500	9	0
4798	7	0
6958	8	0
7726	8	0
7914	9	0
887	8	0
7484	9	0
842	9	0
4994	10	0
6582	7	0
4426	8	0
5554	8	0
2362	9	0
7424	8	0
1456	9	0
114	9	0
4807	10	0
6923	8	0
5647	9	0
7777	9	0
2404	10	0
8074	9	0
9725	10	0
6780	10	0
5909	11	0
4258	4	0
9581	5	0
5046	5	0
1690	6	0
2352	5	0
1171	6	0
2640	6	0
7999	7	0
2012	5	0
313	6	0
7220	6	0
1453	7	0
761	6	0
5474	7	0
3691	7	0
524	8	0
4268	5	0
2212	6	0
5217	6	0
9250	7	0
9936	6	0
7214	7	0
5399	7	0
5703	8	0
5847	6	3
7213	7	0
4355	7	0
3586	8	0
689	7	0
5965	8	0
6659	8	0
2564	9	0
5987	5	0
7397	6	0
8653	6	0
9711	7	0
8293	6	0
5215	7	0
160	7	0
6872	8	0
1687	6	0
6124	7	0
7245	7	0
2365	8	0
7900	7	0
8899	8	0
1745	8	0
8190	9	0
5201	6	0
4103	7	0
782	7	0
9203	8	0
7459	7	0
2948	8	0
1969	8	0
6897	9	0
3879	7	0
1476	8	0
7558	8	0
5033	9	0
5584	8	0
7182	9	0
6271	9	0
2272	10	0
8029	5	0
9163	6	0
7847	6	0
2431	7	0
5994	6	0
6301	7	0
9863	7	0
3404	8	0
8908	6	0
8645	7	0
3460	7	0
8493	8	0
1752	7	0
7229	8	0
3577	8	0
7573	9	0
7531	6	0
8813	7	0
7940	7	0
9399	8	0
136	7	0
1787	8	0
364	8	0
2987	9	0
5580	7	0
1438	8	0
2709	8	0
8436	9	0
5145	8	0
6650	9	0
2411	9	0
4487	10	0
2839	6	0
821	7	0
3961	7	0
2138	8	0
7196	7	0
6816	8	0
9628	8	0
3409	9	0
5598	7	0
1840	8	0
4374	8	0
8673	9	3
2954	8	0
1135	9	0
7263	9	0
4092	10	0
5905	7	0
6298	8	0
8516	8	0
1925	9	0
3949	8	0
6560	9	0
9261	9	0
9950	10	0
299	8	0
7015	9	0
3589	9	0
2313	10	0
4004	9	0
4348	10	0
578	10	0
6275	11	0
4827	5	0
3805	6	0
4478	6	0
9649	7	0
1994	6	0
3858	7	0
5931	7	0
6806	8	18
2274	6	7
7402	7	0
2471	7	0
3824	8	0
5899	7	4
4060	8	0
4800	8	0
9630	9	0
440	6	0
3888	7	0
3182	7	0
2630	8	0
3363	7	0
2018	8	0
4189	8	0
7205	9	0
3244	7	0
369	8	0
6545	8	0
414	9	0
760	8	0
4837	9	0
834	9	0
8708	10	0
6979	6	0
9818	7	0
3567	7	0
3142	8	0
1722	7	0
4035	8	0
2407	8	0
9947	9	0
9928	7	0
7607	8	0
7594	8	0
3240	9	0
9140	8	0
5707	9	0
5190	9	0
8271	10	0
9345	7	0
3251	8	0
4141	8	0
31	9	0
9430	8	0
4906	9	0
3619	9	0
4937	10	0
5708	8	0
7101	9	0
910	9	0
3465	10	0
2579	9	0
203	10	0
6374	10	3
6874	11	0
5150	6	0
6388	7	0
1447	7	0
2333	8	0
4968	7	0
130	8	0
7454	8	0
5246	9	0
4044	7	0
8685	8	0
2596	8	0
5874	9	0
8642	8	0
6502	9	0
6334	9	0
1472	10	0
9640	7	0
6052	8	0
4846	8	0
2025	9	0
6107	8	0
1673	9	0
6419	9	0
9363	10	0
5019	8	0
2897	9	0
9948	9	0
889	10	0
6622	9	0
8120	10	0
3242	10	0
2150	11	0
6850	7	0
9696	8	0
3063	8	0
1675	9	0
2855	8	0
7790	9	0
2636	9	0
4205	10	0
1929	8	0
833	9	0
5780	9	0
8485	10	0
1733	9	0
2756	10	0
4245	10	0
527	11	0
467	8	0
2488	9	0
2132	9	0
6036	10	0
8877	9	0
3300	10	0
9740	10	0
8585	11	0
5103	9	0
2176	10	0
8033	10	0
1758	11	0
5066	10	0
2285	11	0
9311	11	0
4283	12	0
7094	3	0
987	4	0
3423	4	0
6523	5	0
9440	4	0
8280	5	0
9855	5	0
8153	6	0
2829	4	0
48	5	0
6586	5	0
1455	6	0
2115	5	0
6619	6	0
4005	6	0
2827	7	0
8989	4	0
4673	5	2
3299	5	0
4500	6	0
570	5	0
3491	6	0
1676	6	0
3965	7	0
8517	5	0
4908	6	0
4267	6	0
238	7	0
5801	6	0
6852	7	0
9122	7	0
938	8	0
4498	4	10
9216	5	0
1261	5	0
2359	6	0
4058	5	0
2468	6	0
4870	6	0
3114	7	0
8722	5	0
105	6	0
4575	6	0
4123	7	0
5620	6	0
3107	7	0
4764	7	0
6690	8	0
8156	5	3
3436	6	0
4573	6	0
8243	7	0
7915	6	0
1966	7	0
4135	7	0
7132	8	0
4519	6	0
5345	7	0
478	7	0
4458	8	0
7455	7	0
3275	8	0
3086	8	0
6781	9	0
608	4	0
2277	5	0
3844	5	0
5398	6	0
6855	5	0
7762	6	0
7913	6	0
4276	7	0
6754	5	0
9284	6	0
4527	6	0
3750	7	0
7665	6	0
2823	7	0
4452	7	0
841	8	0
7856	5	0
2368	6	0
9817	6	0
8996	7	0
4340	6	0
8830	7	0
786	7	0
7506	8	0
8454	6	0
4356	7	0
2586	7	0
8030	8	0
2953	7	0
285	8	0
3210	8	0
3638	9	0
8848	5	0
1798	6	0
3514	6	0
4820	7	0
6717	6	0
9196	7	0
4388	7	0
7849	8	0
3854	6	0
76	7	0
3569	7	0
251	8	0
5839	7	0
2399	8	0
331	8	0
351	9	0
8303	6	0
7860	7	0
7723	7	0
4322	8	0
9026	7	0
9552	8	0
226	8	0
2810	9	0
5470	7	0
7961	8	0
2566	8	0
3754	9	0
7688	8	0
9955	9	0
6226	9	0
766	10	0
1972	4	0
2486	5	0
7467	5	0
7979	6	0
6926	5	0
6727	6	0
97	6	0
416	7	0
7611	5	0
2816	6	0
8154	6	0
4375	7	0
7254	6	0
2052	7	0
2491	7	0
5422	8	0
737	5	0
722	6	0
8801	6	0
286	7	0
7278	6	0
2887	7	0
9324	7	0
5671	8	0
4883	6	0
9720	7	0
8902	7	0
8196	8	0
4	7	0
6285	8	0
5858	8	0
5382	9	0
147	5	0
418	6	0
1592	6	0
6573	7	0
1172	6	0
4786	7	2
5214	7	0
5542	8	0
535	6	0
9521	7	0
4465	7	0
3785	8	0
3463	7	0
7136	8	0
3778	8	0
8720	9	0
7603	6	0
149	7	0
6365	7	0
4148	8	0
5258	7	0
1866	8	0
2306	8	0
2019	9	0
7230	7	0
661	8	0
8187	8	0
6102	9	0
3334	8	0
339	9	0
5238	9	0
1654	10	0
3986	5	0
5991	6	0
8217	6	0
1439	7	0
2741	6	0
7053	7	0
7797	7	0
9322	8	0
7788	6	0
7445	7	0
1503	7	0
2715	8	0
4038	7	0
8528	8	0
3146	8	0
353	9	0
7378	6	0
858	7	0
7057	7	0
1032	8	0
2414	7	0
1153	8	0
6786	8	0
3279	9	2
586	7	0
5943	8	0
601	8	0
9487	9	0
1123	8	0
4813	9	0
3338	9	0
1238	10	0
5520	6	0
6083	7	0
4453	7	0
6178	8	0
154	7	0
7517	8	0
5412	8	0
5687	9	0
2049	7	0
7964	8	0
3736	8	0
3745	9	0
4517	8	0
1512	9	0
641	9	0
7149	10	0
9971	7	0
7420	8	0
4332	8	0
8881	9	0
9551	8	0
3962	9	0
8526	9	0
6014	10	0
2117	8	0
1388	9	0
8535	9	0
5048	10	0
7819	9	3
325	10	0
8858	10	0
4779	11	0
4440	4	0
1582	5	0
9357	5	0
9458	6	0
3335	5	0
9150	6	0
3941	6	0
4193	7	0
8540	5	0
145	6	0
9639	6	0
4242	7	0
6504	6	0
5280	7	0
4802	7	0
7973	8	0
1905	5	0
4173	6	0
2612	6	0
8798	7	0
7330	6	0
1915	7	0
2876	7	0
8529	8	0
1559	6	0
9783	7	0
5250	7	0
6970	8	0
3990	7	0
7103	8	0
1218	8	0
8508	9	0
4782	5	0
8532	6	0
3068	6	0
6329	7	0
9149	6	0
5498	7	0
3470	7	0
3792	8	0
5245	6	0
9352	7	0
3868	7	0
9874	8	0
3147	7	0
8278	8	0
200	8	0
4704	9	0
8102	6	0
4992	7	0
5749	7	0
5454	8	0
1259	7	0
6681	8	0
62	8	0
4074	9	0
7891	7	0
8687	8	0
3493	8	0
8276	9	0
9925	8	0
1769	9	0
4063	9	0
7894	10	0
3738	5	0
2603	6	0
5555	6	0
1996	7	0
9789	6	0
485	7	0
4233	7	0
6326	8	0
2007	6	0
5514	7	0
4560	7	2
4740	8	0
326	7	0
8421	8	0
8065	8	0
6608	9	0
5366	6	0
4628	7	0
1096	7	0
2611	8	0
5845	7	0
2478	8	0
4626	8	0
5615	9	1
1893	7	3
4097	8	0
8440	8	0
8559	9	0
9259	8	0
4555	9	0
8395	9	0
516	10	0
7643	6	0
3815	7	0
8001	7	0
9904	8	0
6341	7	0
7866	8	0
7596	8	0
5631	9	0
7109	7	0
6512	8	0
2134	8	0
1955	9	0
1114	8	0
3324	9	1
2392	9	0
4754	10	0
7259	7	0
5455	8	0
4708	8	0
8024	9	0
2529	8	0
8605	9	0
4427	9	0
7386	10	0
9494	8	0
2004	9	0
2213	9	0
832	10	0
2050	9	0
8382	10	0
8035	10	0
2290	11	1
8525	5	0
5175	6	0
6103	6	0
9815	7	1
23	6	0
7266	7	3
9202	7	0
7203	8	0
6893	6	0
3630	7	0
6615	7	0
4572	8	0
3271	7	0
920	8	0
713	8	0
7464	9	0
9700	6	0
8012	7	0
8290	7	0
2901	8	0
8539	7	0
1079	8	0
6292	8	0
5782	9	0
3154	7	0
7157	8	1
8757	8	0
3846	9	0
151	8	0
6174	9	0
1763	9	0
1962	10	0
4942	6	0
7183	7	0
4084	7	0
8205	8	0
4124	7	0
7434	8	0
9238	8	0
93	9	0
8483	7	0
461	8	0
1083	8	0
1035	9	0
4486	8	0
1884	9	0
8351	9	0
6522	10	0
9090	7	0
8679	8	0
4610	8	0
702	9	0
2463	8	0
3982	9	0
5611	9	0
1260	10	3
9099	8	0
7890	9	0
9908	9	0
745	10	0
4095	9	0
5625	10	0
7112	10	0
489	11	0
7912	6	0
6378	7	0
3009	7	0
4692	8	0
8983	7	0
6154	8	0
494	8	0
1957	9	0
1993	7	0
8212	8	0
1301	8	0
6116	9	0
2760	8	0
3934	9	0
9496	9	0
805	10	0
6599	7	0
8056	8	0
8295	8	0
3948	9	0
1892	8	0
6256	9	0
755	9	0
2250	10	0
576	8	0
6728	9	0
9317	9	0
480	10	0
8934	9	0
8492	10	0
6636	10	0
1585	11	0
6904	7	0
6853	8	0
8589	8	0
4873	9	0
9476	8	0
3783	9	0
6173	9	0
6738	10	0
1764	8	0
113	9	0
1005	9	0
5608	10	0
2017	9	1
8894	10	0
8783	10	0
1279	11	0
6363	8	0
7105	9	0
8802	9	0
8115	10	0
7389	9	0
7020	10	0
2952	10	0
3917	11	0
4632	9	0
6993	10	0
2315	10	0
5194	11	0
8592	10	0
7683	11	0
6829	11	2
5307	12	1
4855	4	0
1179	5	0
6005	5	0
9165	6	0
8486	5	0
5975	6	0
5151	6	0
5183	7	0
6937	5	0
6832	6	0
6237	6	3
5135	7	0
6918	6	0
3621	7	0
2000	7	0
4152	8	0
7404	5	0
5599	6	0
1746	6	0
2894	7	0
8364	6	0
29	7	0
8661	7	0
5579	8	0
619	6	0
1677	7	0
9920	7	0
3583	8	0
2820	7	0
266	8	0
7333	8	0
1341	9	0
8343	5	0
6375	6	0
4188	6	0
8072	7	0
9306	6	0
683	7	0
8239	7	0
9921	8	0
3160	6	0
2670	7	0
8258	7	0
8106	8	0
2974	7	0
714	8	0
1895	8	0
8834	9	0
3026	6	0
3247	7	0
7011	7	0
1736	8	0
6753	7	0
3108	8	0
1152	8	0
2108	9	0
2433	7	0
6242	8	0
4053	8	0
1658	9	0
8037	8	0
7627	9	0
1457	9	0
6158	10	0
3347	5	0
9365	6	0
9691	6	0
3860	7	0
2358	6	0
3632	7	0
4147	7	0
6006	8	0
6821	6	0
4261	7	0
6550	7	0
8409	8	0
3613	7	0
6666	8	0
7376	8	0
5083	9	0
8390	6	0
4255	7	0
5159	7	0
5776	8	0
4739	7	0
8953	8	0
8468	8	0
7640	9	0
2067	7	0
1145	8	0
9865	8	0
3552	9	0
2743	8	0
1180	9	0
6190	9	0
9001	10	0
945	6	0
5877	7	2
4206	7	0
7747	8	0
8464	7	0
7177	8	0
8342	8	0
6913	9	0
7199	7	0
9603	8	0
9125	8	0
9280	9	0
9497	8	0
225	9	0
3239	9	0
1003	10	0
2719	7	0
9829	8	0
8775	8	0
5441	9	0
3483	8	0
2766	9	0
2157	9	0
5757	10	0
7147	8	0
8200	9	0
1322	9	0
715	10	0
6489	9	0
1265	10	0
3574	10	2
1854	11	0
73	5	0
3	6	0
3756	6	0
5765	7	0
7383	6	0
8975	7	0
3532	7	0
6289	8	0
321	6	0
1785	7	0
7006	7	0
2260	8	0
8793	7	1
2774	8	0
9256	8	0
7124	9	0
6844	6	0
6639	7	0
7770	7	0
6322	8	0
2078	7	0
7395	8	0
8399	8	0
441	9	0
4659	7	0
1414	8	0
1291	8	0
3907	9	1
1663	8	0
57	9	0
2151	9	0
8937	10	0
6902	6	0
4339	7	0
9929	7	0
8621	8	0
6638	7	0
3065	8	0
4713	8	0
1267	9	0
2557	7	0
1104	8	0
5942	8	0
877	9	0
1872	8	0
250	9	0
4287	9	0
8692	10	0
2868	7	0
9051	8	0
3177	8	0
2807	9	0
6908	8	0
8926	9	0
9894	9	0
5426	10	0
9686	8	0
4646	9	0
7752	9	0
6439	10	0
7705	9	0
7648	10	0
3100	10	0
4270	11	0
9289	6	0
845	7	0
1710	7	0
4196	8	0
1985	7	0
6223	8	0
8233	8	0
7751	9	0
7125	7	0
7392	8	0
7021	8	0
3189	9	0
9702	8	0
3429	9	0
3480	9	0
2600	10	0
4158	7	0
7647	8	0
9323	8	0
5996	9	0
7319	8	0
4170	9	0
9486	9	0
4326	10	0
2395	8	0
2629	9	0
3942	9	0
44	10	1
